7
2	2(1):sitting on a floor
0.5	-0.5	-0.5	0.5	0	0	0	0	0	0	0	0	0	0	0
0.5	-0.75	-0.75	0.5	0	0	0	0	0	0	0	0	0	0	0
1	3(2):sitting on a chair 
0.5	-0.5	-0.5	0.5	0	0	0	0	0	0	0	0	0	0	0
4	4(3):Shake Hands 1
0	0	0	0	0	0	0	-0.5	-0.5	0	0	0	0	0	0
0	0	0	0	0	0	0	-0.5	-0.5	0	0	-0.2	0	0	0
0	0	0	0	0	0	0	-0.5	-0.5	0	0	0.2	0	0	0
0	0	0	0	0	0	0	-0.5	-0.5	0	0	-0.2	0	0	0
4	4(3):Shake Hands 2
0	0	0	0	0	0	0	-0.5	-0.5	0	0	0	0	0	0
0	0	0	0	0	0	0	0	0	0	0	0	0	0	0
0	0	0	0	0	0	0	-0.5	-0.5	0	0	0	0	0	0
0	0	0	0	0	0	0	0	0	0	0	0	0	0	0
4	5(4):Waking Up(d4150)
-0.5	0	0	-0.5	0	0	0	0	0	0	0	0	0	0	0
-0.5	0	0	-0.5	0.5	0	0	0	0	0	0	0	0	0	0
0	-0.5	-0.5	0	0	0	0	0	0	0	0	0	0	0	0
0	0	0	0	0	0	0	0	0	0	0	0	0	0	0
2	6(5):Dressing(d5400)
0	0	0	0	0	0	0	0	0.5	0	0.5	0	0	0	0
0	0	0	0	0	0	0	0	0.5	0	0.5	0	-0.2	0	-0.2
1	7(6):grab a object(d5400)
0	0	0	0	0	0	0	0.5	0	0	0.5	0	0	0	0

