c[0] (0,0,0)
c[1] (0,0,1)
c[2] (0,0,2)
c[3] (0,0,3)
c[4] (0,0,4)
c[5] (0,0,5)
c[6] (0,0,6)
c[7] (0,0,7)
c[8] (0,0,8)
c[9] (0,0,9)
c[10] (0,0,10)
c[11] (0,0,11)
c[12] (0,0,12)
c[13] (0,0,13)
c[14] (0,0,14)
c[15] (0,0,15)
c[16] (0,1,0)
c[17] (0,1,1)
c[18] (0,1,2)
c[19] (0,1,3)
c[20] (0,1,4)
c[21] (0,1,5)
c[22] (0,1,6)
c[23] (0,1,7)
c[24] (0,1,8)
c[25] (0,1,9)
c[26] (0,1,10)
c[27] (0,1,11)
c[28] (0,1,12)
c[29] (0,1,13)
c[30] (0,1,14)
c[31] (0,1,15)
c[32] (0,2,0)
c[33] (0,2,1)
c[34] (0,2,2)
c[35] (0,2,3)
c[36] (0,2,4)
c[37] (0,2,5)
c[38] (0,2,6)
c[39] (0,2,7)
c[40] (0,2,8)
c[41] (0,2,9)
c[42] (0,2,10)
c[43] (0,2,11)
c[44] (0,2,12)
c[45] (0,2,13)
c[46] (0,2,14)
c[47] (0,2,15)
c[48] (0,3,0)
c[49] (0,3,1)
c[50] (0,3,2)
c[51] (0,3,3)
c[52] (0,3,4)
c[53] (0,3,5)
c[54] (0,3,6)
c[55] (0,3,7)
c[56] (0,3,8)
c[57] (0,3,9)
c[58] (0,3,10)
c[59] (0,3,11)
c[60] (0,3,12)
c[61] (0,3,13)
c[62] (0,3,14)
c[63] (0,3,15)
c[64] (0,4,0)
c[65] (0,4,1)
c[66] (0,4,2)
c[67] (0,4,3)
c[68] (0,4,4)
c[69] (0,4,5)
c[70] (0,4,6)
c[71] (0,4,7)
c[72] (0,4,8)
c[73] (0,4,9)
c[74] (0,4,10)
c[75] (0,4,11)
c[76] (0,4,12)
c[77] (0,4,13)
c[78] (0,4,14)
c[79] (0,4,15)
c[80] (0,5,0)
c[81] (0,5,1)
c[82] (0,5,2)
c[83] (0,5,3)
c[84] (0,5,4)
c[85] (0,5,5)
c[86] (0,5,6)
c[87] (0,5,7)
c[88] (0,5,8)
c[89] (0,5,9)
c[90] (0,5,10)
c[91] (0,5,11)
c[92] (0,5,12)
c[93] (0,5,13)
c[94] (0,5,14)
c[95] (0,5,15)
c[96] (0,6,0)
c[97] (0,6,1)
c[98] (0,6,2)
c[99] (0,6,3)
c[100] (0,6,4)
c[101] (0,6,5)
c[102] (0,6,6)
c[103] (0,6,7)
c[104] (0,6,8)
c[105] (0,6,9)
c[106] (0,6,10)
c[107] (0,6,11)
c[108] (0,6,12)
c[109] (0,6,13)
c[110] (0,6,14)
c[111] (0,6,15)
c[112] (0,7,0)
c[113] (0,7,1)
c[114] (0,7,2)
c[115] (0,7,3)
c[116] (0,7,4)
c[117] (0,7,5)
c[118] (0,7,6)
c[119] (0,7,7)
c[120] (0,7,8)
c[121] (0,7,9)
c[122] (0,7,10)
c[123] (0,7,11)
c[124] (0,7,12)
c[125] (0,7,13)
c[126] (0,7,14)
c[127] (0,7,15)
c[128] (0,8,0)
c[129] (0,8,1)
c[130] (0,8,2)
c[131] (0,8,3)
c[132] (0,8,4)
c[133] (0,8,5)
c[134] (0,8,6)
c[135] (0,8,7)
c[136] (0,8,8)
c[137] (0,8,9)
c[138] (0,8,10)
c[139] (0,8,11)
c[140] (0,8,12)
c[141] (0,8,13)
c[142] (0,8,14)
c[143] (0,8,15)
c[144] (0,9,0)
c[145] (0,9,1)
c[146] (0,9,2)
c[147] (0,9,3)
c[148] (0,9,4)
c[149] (0,9,5)
c[150] (0,9,6)
c[151] (0,9,7)
c[152] (0,9,8)
c[153] (0,9,9)
c[154] (0,9,10)
c[155] (0,9,11)
c[156] (0,9,12)
c[157] (0,9,13)
c[158] (0,9,14)
c[159] (0,9,15)
c[160] (0,10,0)
c[161] (0,10,1)
c[162] (0,10,2)
c[163] (0,10,3)
c[164] (0,10,4)
c[165] (0,10,5)
c[166] (0,10,6)
c[167] (0,10,7)
c[168] (0,10,8)
c[169] (0,10,9)
c[170] (0,10,10)
c[171] (0,10,11)
c[172] (0,10,12)
c[173] (0,10,13)
c[174] (0,10,14)
c[175] (0,10,15)
c[176] (0,11,0)
c[177] (0,11,1)
c[178] (0,11,2)
c[179] (0,11,3)
c[180] (0,11,4)
c[181] (0,11,5)
c[182] (0,11,6)
c[183] (0,11,7)
c[184] (0,11,8)
c[185] (0,11,9)
c[186] (0,11,10)
c[187] (0,11,11)
c[188] (0,11,12)
c[189] (0,11,13)
c[190] (0,11,14)
c[191] (0,11,15)
c[192] (0,12,0)
c[193] (0,12,1)
c[194] (0,12,2)
c[195] (0,12,3)
c[196] (0,12,4)
c[197] (0,12,5)
c[198] (0,12,6)
c[199] (0,12,7)
c[200] (0,12,8)
c[201] (0,12,9)
c[202] (0,12,10)
c[203] (0,12,11)
c[204] (0,12,12)
c[205] (0,12,13)
c[206] (0,12,14)
c[207] (0,12,15)
c[208] (0,13,0)
c[209] (0,13,1)
c[210] (0,13,2)
c[211] (0,13,3)
c[212] (0,13,4)
c[213] (0,13,5)
c[214] (0,13,6)
c[215] (0,13,7)
c[216] (0,13,8)
c[217] (0,13,9)
c[218] (0,13,10)
c[219] (0,13,11)
c[220] (0,13,12)
c[221] (0,13,13)
c[222] (0,13,14)
c[223] (0,13,15)
c[224] (0,14,0)
c[225] (0,14,1)
c[226] (0,14,2)
c[227] (0,14,3)
c[228] (0,14,4)
c[229] (0,14,5)
c[230] (0,14,6)
c[231] (0,14,7)
c[232] (0,14,8)
c[233] (0,14,9)
c[234] (0,14,10)
c[235] (0,14,11)
c[236] (0,14,12)
c[237] (0,14,13)
c[238] (0,14,14)
c[239] (0,14,15)
c[240] (0,15,0)
c[241] (0,15,1)
c[242] (0,15,2)
c[243] (0,15,3)
c[244] (0,15,4)
c[245] (0,15,5)
c[246] (0,15,6)
c[247] (0,15,7)
c[248] (0,15,8)
c[249] (0,15,9)
c[250] (0,15,10)
c[251] (0,15,11)
c[252] (0,15,12)
c[253] (0,15,13)
c[254] (0,15,14)
c[255] (0,15,15)
c[256] (1,0,0)
c[257] (1,0,1)
c[258] (1,0,2)
c[259] (1,0,3)
c[260] (1,0,4)
c[261] (1,0,5)
c[262] (1,0,6)
c[263] (1,0,7)
c[264] (1,0,8)
c[265] (1,0,9)
c[266] (1,0,10)
c[267] (1,0,11)
c[268] (1,0,12)
c[269] (1,0,13)
c[270] (1,0,14)
c[271] (1,0,15)
c[272] (1,1,0)
c[273] (1,1,1)
c[274] (1,1,2)
c[275] (1,1,3)
c[276] (1,1,4)
c[277] (1,1,5)
c[278] (1,1,6)
c[279] (1,1,7)
c[280] (1,1,8)
c[281] (1,1,9)
c[282] (1,1,10)
c[283] (1,1,11)
c[284] (1,1,12)
c[285] (1,1,13)
c[286] (1,1,14)
c[287] (1,1,15)
c[288] (1,2,0)
c[289] (1,2,1)
c[290] (1,2,2)
c[291] (1,2,3)
c[292] (1,2,4)
c[293] (1,2,5)
c[294] (1,2,6)
c[295] (1,2,7)
c[296] (1,2,8)
c[297] (1,2,9)
c[298] (1,2,10)
c[299] (1,2,11)
c[300] (1,2,12)
c[301] (1,2,13)
c[302] (1,2,14)
c[303] (1,2,15)
c[304] (1,3,0)
c[305] (1,3,1)
c[306] (1,3,2)
c[307] (1,3,3)
c[308] (1,3,4)
c[309] (1,3,5)
c[310] (1,3,6)
c[311] (1,3,7)
c[312] (1,3,8)
c[313] (1,3,9)
c[314] (1,3,10)
c[315] (1,3,11)
c[316] (1,3,12)
c[317] (1,3,13)
c[318] (1,3,14)
c[319] (1,3,15)
c[320] (1,4,0)
c[321] (1,4,1)
c[322] (1,4,2)
c[323] (1,4,3)
c[324] (1,4,4)
c[325] (1,4,5)
c[326] (1,4,6)
c[327] (1,4,7)
c[328] (1,4,8)
c[329] (1,4,9)
c[330] (1,4,10)
c[331] (1,4,11)
c[332] (1,4,12)
c[333] (1,4,13)
c[334] (1,4,14)
c[335] (1,4,15)
c[336] (1,5,0)
c[337] (1,5,1)
c[338] (1,5,2)
c[339] (1,5,3)
c[340] (1,5,4)
c[341] (1,5,5)
c[342] (1,5,6)
c[343] (1,5,7)
c[344] (1,5,8)
c[345] (1,5,9)
c[346] (1,5,10)
c[347] (1,5,11)
c[348] (1,5,12)
c[349] (1,5,13)
c[350] (1,5,14)
c[351] (1,5,15)
c[352] (1,6,0)
c[353] (1,6,1)
c[354] (1,6,2)
c[355] (1,6,3)
c[356] (1,6,4)
c[357] (1,6,5)
c[358] (1,6,6)
c[359] (1,6,7)
c[360] (1,6,8)
c[361] (1,6,9)
c[362] (1,6,10)
c[363] (1,6,11)
c[364] (1,6,12)
c[365] (1,6,13)
c[366] (1,6,14)
c[367] (1,6,15)
c[368] (1,7,0)
c[369] (1,7,1)
c[370] (1,7,2)
c[371] (1,7,3)
c[372] (1,7,4)
c[373] (1,7,5)
c[374] (1,7,6)
c[375] (1,7,7)
c[376] (1,7,8)
c[377] (1,7,9)
c[378] (1,7,10)
c[379] (1,7,11)
c[380] (1,7,12)
c[381] (1,7,13)
c[382] (1,7,14)
c[383] (1,7,15)
c[384] (1,8,0)
c[385] (1,8,1)
c[386] (1,8,2)
c[387] (1,8,3)
c[388] (1,8,4)
c[389] (1,8,5)
c[390] (1,8,6)
c[391] (1,8,7)
c[392] (1,8,8)
c[393] (1,8,9)
c[394] (1,8,10)
c[395] (1,8,11)
c[396] (1,8,12)
c[397] (1,8,13)
c[398] (1,8,14)
c[399] (1,8,15)
c[400] (1,9,0)
c[401] (1,9,1)
c[402] (1,9,2)
c[403] (1,9,3)
c[404] (1,9,4)
c[405] (1,9,5)
c[406] (1,9,6)
c[407] (1,9,7)
c[408] (1,9,8)
c[409] (1,9,9)
c[410] (1,9,10)
c[411] (1,9,11)
c[412] (1,9,12)
c[413] (1,9,13)
c[414] (1,9,14)
c[415] (1,9,15)
c[416] (1,10,0)
c[417] (1,10,1)
c[418] (1,10,2)
c[419] (1,10,3)
c[420] (1,10,4)
c[421] (1,10,5)
c[422] (1,10,6)
c[423] (1,10,7)
c[424] (1,10,8)
c[425] (1,10,9)
c[426] (1,10,10)
c[427] (1,10,11)
c[428] (1,10,12)
c[429] (1,10,13)
c[430] (1,10,14)
c[431] (1,10,15)
c[432] (1,11,0)
c[433] (1,11,1)
c[434] (1,11,2)
c[435] (1,11,3)
c[436] (1,11,4)
c[437] (1,11,5)
c[438] (1,11,6)
c[439] (1,11,7)
c[440] (1,11,8)
c[441] (1,11,9)
c[442] (1,11,10)
c[443] (1,11,11)
c[444] (1,11,12)
c[445] (1,11,13)
c[446] (1,11,14)
c[447] (1,11,15)
c[448] (1,12,0)
c[449] (1,12,1)
c[450] (1,12,2)
c[451] (1,12,3)
c[452] (1,12,4)
c[453] (1,12,5)
c[454] (1,12,6)
c[455] (1,12,7)
c[456] (1,12,8)
c[457] (1,12,9)
c[458] (1,12,10)
c[459] (1,12,11)
c[460] (1,12,12)
c[461] (1,12,13)
c[462] (1,12,14)
c[463] (1,12,15)
c[464] (1,13,0)
c[465] (1,13,1)
c[466] (1,13,2)
c[467] (1,13,3)
c[468] (1,13,4)
c[469] (1,13,5)
c[470] (1,13,6)
c[471] (1,13,7)
c[472] (1,13,8)
c[473] (1,13,9)
c[474] (1,13,10)
c[475] (1,13,11)
c[476] (1,13,12)
c[477] (1,13,13)
c[478] (1,13,14)
c[479] (1,13,15)
c[480] (1,14,0)
c[481] (1,14,1)
c[482] (1,14,2)
c[483] (1,14,3)
c[484] (1,14,4)
c[485] (1,14,5)
c[486] (1,14,6)
c[487] (1,14,7)
c[488] (1,14,8)
c[489] (1,14,9)
c[490] (1,14,10)
c[491] (1,14,11)
c[492] (1,14,12)
c[493] (1,14,13)
c[494] (1,14,14)
c[495] (1,14,15)
c[496] (1,15,0)
c[497] (1,15,1)
c[498] (1,15,2)
c[499] (1,15,3)
c[500] (1,15,4)
c[501] (1,15,5)
c[502] (1,15,6)
c[503] (1,15,7)
c[504] (1,15,8)
c[505] (1,15,9)
c[506] (1,15,10)
c[507] (1,15,11)
c[508] (1,15,12)
c[509] (1,15,13)
c[510] (1,15,14)
c[511] (1,15,15)
c[512] (2,0,0)
c[513] (2,0,1)
c[514] (2,0,2)
c[515] (2,0,3)
c[516] (2,0,4)
c[517] (2,0,5)
c[518] (2,0,6)
c[519] (2,0,7)
c[520] (2,0,8)
c[521] (2,0,9)
c[522] (2,0,10)
c[523] (2,0,11)
c[524] (2,0,12)
c[525] (2,0,13)
c[526] (2,0,14)
c[527] (2,0,15)
c[528] (2,1,0)
c[529] (2,1,1)
c[530] (2,1,2)
c[531] (2,1,3)
c[532] (2,1,4)
c[533] (2,1,5)
c[534] (2,1,6)
c[535] (2,1,7)
c[536] (2,1,8)
c[537] (2,1,9)
c[538] (2,1,10)
c[539] (2,1,11)
c[540] (2,1,12)
c[541] (2,1,13)
c[542] (2,1,14)
c[543] (2,1,15)
c[544] (2,2,0)
c[545] (2,2,1)
c[546] (2,2,2)
c[547] (2,2,3)
c[548] (2,2,4)
c[549] (2,2,5)
c[550] (2,2,6)
c[551] (2,2,7)
c[552] (2,2,8)
c[553] (2,2,9)
c[554] (2,2,10)
c[555] (2,2,11)
c[556] (2,2,12)
c[557] (2,2,13)
c[558] (2,2,14)
c[559] (2,2,15)
c[560] (2,3,0)
c[561] (2,3,1)
c[562] (2,3,2)
c[563] (2,3,3)
c[564] (2,3,4)
c[565] (2,3,5)
c[566] (2,3,6)
c[567] (2,3,7)
c[568] (2,3,8)
c[569] (2,3,9)
c[570] (2,3,10)
c[571] (2,3,11)
c[572] (2,3,12)
c[573] (2,3,13)
c[574] (2,3,14)
c[575] (2,3,15)
c[576] (2,4,0)
c[577] (2,4,1)
c[578] (2,4,2)
c[579] (2,4,3)
c[580] (2,4,4)
c[581] (2,4,5)
c[582] (2,4,6)
c[583] (2,4,7)
c[584] (2,4,8)
c[585] (2,4,9)
c[586] (2,4,10)
c[587] (2,4,11)
c[588] (2,4,12)
c[589] (2,4,13)
c[590] (2,4,14)
c[591] (2,4,15)
c[592] (2,5,0)
c[593] (2,5,1)
c[594] (2,5,2)
c[595] (2,5,3)
c[596] (2,5,4)
c[597] (2,5,5)
c[598] (2,5,6)
c[599] (2,5,7)
c[600] (2,5,8)
c[601] (2,5,9)
c[602] (2,5,10)
c[603] (2,5,11)
c[604] (2,5,12)
c[605] (2,5,13)
c[606] (2,5,14)
c[607] (2,5,15)
c[608] (2,6,0)
c[609] (2,6,1)
c[610] (2,6,2)
c[611] (2,6,3)
c[612] (2,6,4)
c[613] (2,6,5)
c[614] (2,6,6)
c[615] (2,6,7)
c[616] (2,6,8)
c[617] (2,6,9)
c[618] (2,6,10)
c[619] (2,6,11)
c[620] (2,6,12)
c[621] (2,6,13)
c[622] (2,6,14)
c[623] (2,6,15)
c[624] (2,7,0)
c[625] (2,7,1)
c[626] (2,7,2)
c[627] (2,7,3)
c[628] (2,7,4)
c[629] (2,7,5)
c[630] (2,7,6)
c[631] (2,7,7)
c[632] (2,7,8)
c[633] (2,7,9)
c[634] (2,7,10)
c[635] (2,7,11)
c[636] (2,7,12)
c[637] (2,7,13)
c[638] (2,7,14)
c[639] (2,7,15)
c[640] (2,8,0)
c[641] (2,8,1)
c[642] (2,8,2)
c[643] (2,8,3)
c[644] (2,8,4)
c[645] (2,8,5)
c[646] (2,8,6)
c[647] (2,8,7)
c[648] (2,8,8)
c[649] (2,8,9)
c[650] (2,8,10)
c[651] (2,8,11)
c[652] (2,8,12)
c[653] (2,8,13)
c[654] (2,8,14)
c[655] (2,8,15)
c[656] (2,9,0)
c[657] (2,9,1)
c[658] (2,9,2)
c[659] (2,9,3)
c[660] (2,9,4)
c[661] (2,9,5)
c[662] (2,9,6)
c[663] (2,9,7)
c[664] (2,9,8)
c[665] (2,9,9)
c[666] (2,9,10)
c[667] (2,9,11)
c[668] (2,9,12)
c[669] (2,9,13)
c[670] (2,9,14)
c[671] (2,9,15)
c[672] (2,10,0)
c[673] (2,10,1)
c[674] (2,10,2)
c[675] (2,10,3)
c[676] (2,10,4)
c[677] (2,10,5)
c[678] (2,10,6)
c[679] (2,10,7)
c[680] (2,10,8)
c[681] (2,10,9)
c[682] (2,10,10)
c[683] (2,10,11)
c[684] (2,10,12)
c[685] (2,10,13)
c[686] (2,10,14)
c[687] (2,10,15)
c[688] (2,11,0)
c[689] (2,11,1)
c[690] (2,11,2)
c[691] (2,11,3)
c[692] (2,11,4)
c[693] (2,11,5)
c[694] (2,11,6)
c[695] (2,11,7)
c[696] (2,11,8)
c[697] (2,11,9)
c[698] (2,11,10)
c[699] (2,11,11)
c[700] (2,11,12)
c[701] (2,11,13)
c[702] (2,11,14)
c[703] (2,11,15)
c[704] (2,12,0)
c[705] (2,12,1)
c[706] (2,12,2)
c[707] (2,12,3)
c[708] (2,12,4)
c[709] (2,12,5)
c[710] (2,12,6)
c[711] (2,12,7)
c[712] (2,12,8)
c[713] (2,12,9)
c[714] (2,12,10)
c[715] (2,12,11)
c[716] (2,12,12)
c[717] (2,12,13)
c[718] (2,12,14)
c[719] (2,12,15)
c[720] (2,13,0)
c[721] (2,13,1)
c[722] (2,13,2)
c[723] (2,13,3)
c[724] (2,13,4)
c[725] (2,13,5)
c[726] (2,13,6)
c[727] (2,13,7)
c[728] (2,13,8)
c[729] (2,13,9)
c[730] (2,13,10)
c[731] (2,13,11)
c[732] (2,13,12)
c[733] (2,13,13)
c[734] (2,13,14)
c[735] (2,13,15)
c[736] (2,14,0)
c[737] (2,14,1)
c[738] (2,14,2)
c[739] (2,14,3)
c[740] (2,14,4)
c[741] (2,14,5)
c[742] (2,14,6)
c[743] (2,14,7)
c[744] (2,14,8)
c[745] (2,14,9)
c[746] (2,14,10)
c[747] (2,14,11)
c[748] (2,14,12)
c[749] (2,14,13)
c[750] (2,14,14)
c[751] (2,14,15)
c[752] (2,15,0)
c[753] (2,15,1)
c[754] (2,15,2)
c[755] (2,15,3)
c[756] (2,15,4)
c[757] (2,15,5)
c[758] (2,15,6)
c[759] (2,15,7)
c[760] (2,15,8)
c[761] (2,15,9)
c[762] (2,15,10)
c[763] (2,15,11)
c[764] (2,15,12)
c[765] (2,15,13)
c[766] (2,15,14)
c[767] (2,15,15)
c[768] (3,0,0)
c[769] (3,0,1)
c[770] (3,0,2)
c[771] (3,0,3)
c[772] (3,0,4)
c[773] (3,0,5)
c[774] (3,0,6)
c[775] (3,0,7)
c[776] (3,0,8)
c[777] (3,0,9)
c[778] (3,0,10)
c[779] (3,0,11)
c[780] (3,0,12)
c[781] (3,0,13)
c[782] (3,0,14)
c[783] (3,0,15)
c[784] (3,1,0)
c[785] (3,1,1)
c[786] (3,1,2)
c[787] (3,1,3)
c[788] (3,1,4)
c[789] (3,1,5)
c[790] (3,1,6)
c[791] (3,1,7)
c[792] (3,1,8)
c[793] (3,1,9)
c[794] (3,1,10)
c[795] (3,1,11)
c[796] (3,1,12)
c[797] (3,1,13)
c[798] (3,1,14)
c[799] (3,1,15)
c[800] (3,2,0)
c[801] (3,2,1)
c[802] (3,2,2)
c[803] (3,2,3)
c[804] (3,2,4)
c[805] (3,2,5)
c[806] (3,2,6)
c[807] (3,2,7)
c[808] (3,2,8)
c[809] (3,2,9)
c[810] (3,2,10)
c[811] (3,2,11)
c[812] (3,2,12)
c[813] (3,2,13)
c[814] (3,2,14)
c[815] (3,2,15)
c[816] (3,3,0)
c[817] (3,3,1)
c[818] (3,3,2)
c[819] (3,3,3)
c[820] (3,3,4)
c[821] (3,3,5)
c[822] (3,3,6)
c[823] (3,3,7)
c[824] (3,3,8)
c[825] (3,3,9)
c[826] (3,3,10)
c[827] (3,3,11)
c[828] (3,3,12)
c[829] (3,3,13)
c[830] (3,3,14)
c[831] (3,3,15)
c[832] (3,4,0)
c[833] (3,4,1)
c[834] (3,4,2)
c[835] (3,4,3)
c[836] (3,4,4)
c[837] (3,4,5)
c[838] (3,4,6)
c[839] (3,4,7)
c[840] (3,4,8)
c[841] (3,4,9)
c[842] (3,4,10)
c[843] (3,4,11)
c[844] (3,4,12)
c[845] (3,4,13)
c[846] (3,4,14)
c[847] (3,4,15)
c[848] (3,5,0)
c[849] (3,5,1)
c[850] (3,5,2)
c[851] (3,5,3)
c[852] (3,5,4)
c[853] (3,5,5)
c[854] (3,5,6)
c[855] (3,5,7)
c[856] (3,5,8)
c[857] (3,5,9)
c[858] (3,5,10)
c[859] (3,5,11)
c[860] (3,5,12)
c[861] (3,5,13)
c[862] (3,5,14)
c[863] (3,5,15)
c[864] (3,6,0)
c[865] (3,6,1)
c[866] (3,6,2)
c[867] (3,6,3)
c[868] (3,6,4)
c[869] (3,6,5)
c[870] (3,6,6)
c[871] (3,6,7)
c[872] (3,6,8)
c[873] (3,6,9)
c[874] (3,6,10)
c[875] (3,6,11)
c[876] (3,6,12)
c[877] (3,6,13)
c[878] (3,6,14)
c[879] (3,6,15)
c[880] (3,7,0)
c[881] (3,7,1)
c[882] (3,7,2)
c[883] (3,7,3)
c[884] (3,7,4)
c[885] (3,7,5)
c[886] (3,7,6)
c[887] (3,7,7)
c[888] (3,7,8)
c[889] (3,7,9)
c[890] (3,7,10)
c[891] (3,7,11)
c[892] (3,7,12)
c[893] (3,7,13)
c[894] (3,7,14)
c[895] (3,7,15)
c[896] (3,8,0)
c[897] (3,8,1)
c[898] (3,8,2)
c[899] (3,8,3)
c[900] (3,8,4)
c[901] (3,8,5)
c[902] (3,8,6)
c[903] (3,8,7)
c[904] (3,8,8)
c[905] (3,8,9)
c[906] (3,8,10)
c[907] (3,8,11)
c[908] (3,8,12)
c[909] (3,8,13)
c[910] (3,8,14)
c[911] (3,8,15)
c[912] (3,9,0)
c[913] (3,9,1)
c[914] (3,9,2)
c[915] (3,9,3)
c[916] (3,9,4)
c[917] (3,9,5)
c[918] (3,9,6)
c[919] (3,9,7)
c[920] (3,9,8)
c[921] (3,9,9)
c[922] (3,9,10)
c[923] (3,9,11)
c[924] (3,9,12)
c[925] (3,9,13)
c[926] (3,9,14)
c[927] (3,9,15)
c[928] (3,10,0)
c[929] (3,10,1)
c[930] (3,10,2)
c[931] (3,10,3)
c[932] (3,10,4)
c[933] (3,10,5)
c[934] (3,10,6)
c[935] (3,10,7)
c[936] (3,10,8)
c[937] (3,10,9)
c[938] (3,10,10)
c[939] (3,10,11)
c[940] (3,10,12)
c[941] (3,10,13)
c[942] (3,10,14)
c[943] (3,10,15)
c[944] (3,11,0)
c[945] (3,11,1)
c[946] (3,11,2)
c[947] (3,11,3)
c[948] (3,11,4)
c[949] (3,11,5)
c[950] (3,11,6)
c[951] (3,11,7)
c[952] (3,11,8)
c[953] (3,11,9)
c[954] (3,11,10)
c[955] (3,11,11)
c[956] (3,11,12)
c[957] (3,11,13)
c[958] (3,11,14)
c[959] (3,11,15)
c[960] (3,12,0)
c[961] (3,12,1)
c[962] (3,12,2)
c[963] (3,12,3)
c[964] (3,12,4)
c[965] (3,12,5)
c[966] (3,12,6)
c[967] (3,12,7)
c[968] (3,12,8)
c[969] (3,12,9)
c[970] (3,12,10)
c[971] (3,12,11)
c[972] (3,12,12)
c[973] (3,12,13)
c[974] (3,12,14)
c[975] (3,12,15)
c[976] (3,13,0)
c[977] (3,13,1)
c[978] (3,13,2)
c[979] (3,13,3)
c[980] (3,13,4)
c[981] (3,13,5)
c[982] (3,13,6)
c[983] (3,13,7)
c[984] (3,13,8)
c[985] (3,13,9)
c[986] (3,13,10)
c[987] (3,13,11)
c[988] (3,13,12)
c[989] (3,13,13)
c[990] (3,13,14)
c[991] (3,13,15)
c[992] (3,14,0)
c[993] (3,14,1)
c[994] (3,14,2)
c[995] (3,14,3)
c[996] (3,14,4)
c[997] (3,14,5)
c[998] (3,14,6)
c[999] (3,14,7)
c[1000] (3,14,8)
c[1001] (3,14,9)
c[1002] (3,14,10)
c[1003] (3,14,11)
c[1004] (3,14,12)
c[1005] (3,14,13)
c[1006] (3,14,14)
c[1007] (3,14,15)
c[1008] (3,15,0)
c[1009] (3,15,1)
c[1010] (3,15,2)
c[1011] (3,15,3)
c[1012] (3,15,4)
c[1013] (3,15,5)
c[1014] (3,15,6)
c[1015] (3,15,7)
c[1016] (3,15,8)
c[1017] (3,15,9)
c[1018] (3,15,10)
c[1019] (3,15,11)
c[1020] (3,15,12)
c[1021] (3,15,13)
c[1022] (3,15,14)
c[1023] (3,15,15)
c[1024] (4,0,0)
c[1025] (4,0,1)
c[1026] (4,0,2)
c[1027] (4,0,3)
c[1028] (4,0,4)
c[1029] (4,0,5)
c[1030] (4,0,6)
c[1031] (4,0,7)
c[1032] (4,0,8)
c[1033] (4,0,9)
c[1034] (4,0,10)
c[1035] (4,0,11)
c[1036] (4,0,12)
c[1037] (4,0,13)
c[1038] (4,0,14)
c[1039] (4,0,15)
c[1040] (4,1,0)
c[1041] (4,1,1)
c[1042] (4,1,2)
c[1043] (4,1,3)
c[1044] (4,1,4)
c[1045] (4,1,5)
c[1046] (4,1,6)
c[1047] (4,1,7)
c[1048] (4,1,8)
c[1049] (4,1,9)
c[1050] (4,1,10)
c[1051] (4,1,11)
c[1052] (4,1,12)
c[1053] (4,1,13)
c[1054] (4,1,14)
c[1055] (4,1,15)
c[1056] (4,2,0)
c[1057] (4,2,1)
c[1058] (4,2,2)
c[1059] (4,2,3)
c[1060] (4,2,4)
c[1061] (4,2,5)
c[1062] (4,2,6)
c[1063] (4,2,7)
c[1064] (4,2,8)
c[1065] (4,2,9)
c[1066] (4,2,10)
c[1067] (4,2,11)
c[1068] (4,2,12)
c[1069] (4,2,13)
c[1070] (4,2,14)
c[1071] (4,2,15)
c[1072] (4,3,0)
c[1073] (4,3,1)
c[1074] (4,3,2)
c[1075] (4,3,3)
c[1076] (4,3,4)
c[1077] (4,3,5)
c[1078] (4,3,6)
c[1079] (4,3,7)
c[1080] (4,3,8)
c[1081] (4,3,9)
c[1082] (4,3,10)
c[1083] (4,3,11)
c[1084] (4,3,12)
c[1085] (4,3,13)
c[1086] (4,3,14)
c[1087] (4,3,15)
c[1088] (4,4,0)
c[1089] (4,4,1)
c[1090] (4,4,2)
c[1091] (4,4,3)
c[1092] (4,4,4)
c[1093] (4,4,5)
c[1094] (4,4,6)
c[1095] (4,4,7)
c[1096] (4,4,8)
c[1097] (4,4,9)
c[1098] (4,4,10)
c[1099] (4,4,11)
c[1100] (4,4,12)
c[1101] (4,4,13)
c[1102] (4,4,14)
c[1103] (4,4,15)
c[1104] (4,5,0)
c[1105] (4,5,1)
c[1106] (4,5,2)
c[1107] (4,5,3)
c[1108] (4,5,4)
c[1109] (4,5,5)
c[1110] (4,5,6)
c[1111] (4,5,7)
c[1112] (4,5,8)
c[1113] (4,5,9)
c[1114] (4,5,10)
c[1115] (4,5,11)
c[1116] (4,5,12)
c[1117] (4,5,13)
c[1118] (4,5,14)
c[1119] (4,5,15)
c[1120] (4,6,0)
c[1121] (4,6,1)
c[1122] (4,6,2)
c[1123] (4,6,3)
c[1124] (4,6,4)
c[1125] (4,6,5)
c[1126] (4,6,6)
c[1127] (4,6,7)
c[1128] (4,6,8)
c[1129] (4,6,9)
c[1130] (4,6,10)
c[1131] (4,6,11)
c[1132] (4,6,12)
c[1133] (4,6,13)
c[1134] (4,6,14)
c[1135] (4,6,15)
c[1136] (4,7,0)
c[1137] (4,7,1)
c[1138] (4,7,2)
c[1139] (4,7,3)
c[1140] (4,7,4)
c[1141] (4,7,5)
c[1142] (4,7,6)
c[1143] (4,7,7)
c[1144] (4,7,8)
c[1145] (4,7,9)
c[1146] (4,7,10)
c[1147] (4,7,11)
c[1148] (4,7,12)
c[1149] (4,7,13)
c[1150] (4,7,14)
c[1151] (4,7,15)
c[1152] (4,8,0)
c[1153] (4,8,1)
c[1154] (4,8,2)
c[1155] (4,8,3)
c[1156] (4,8,4)
c[1157] (4,8,5)
c[1158] (4,8,6)
c[1159] (4,8,7)
c[1160] (4,8,8)
c[1161] (4,8,9)
c[1162] (4,8,10)
c[1163] (4,8,11)
c[1164] (4,8,12)
c[1165] (4,8,13)
c[1166] (4,8,14)
c[1167] (4,8,15)
c[1168] (4,9,0)
c[1169] (4,9,1)
c[1170] (4,9,2)
c[1171] (4,9,3)
c[1172] (4,9,4)
c[1173] (4,9,5)
c[1174] (4,9,6)
c[1175] (4,9,7)
c[1176] (4,9,8)
c[1177] (4,9,9)
c[1178] (4,9,10)
c[1179] (4,9,11)
c[1180] (4,9,12)
c[1181] (4,9,13)
c[1182] (4,9,14)
c[1183] (4,9,15)
c[1184] (4,10,0)
c[1185] (4,10,1)
c[1186] (4,10,2)
c[1187] (4,10,3)
c[1188] (4,10,4)
c[1189] (4,10,5)
c[1190] (4,10,6)
c[1191] (4,10,7)
c[1192] (4,10,8)
c[1193] (4,10,9)
c[1194] (4,10,10)
c[1195] (4,10,11)
c[1196] (4,10,12)
c[1197] (4,10,13)
c[1198] (4,10,14)
c[1199] (4,10,15)
c[1200] (4,11,0)
c[1201] (4,11,1)
c[1202] (4,11,2)
c[1203] (4,11,3)
c[1204] (4,11,4)
c[1205] (4,11,5)
c[1206] (4,11,6)
c[1207] (4,11,7)
c[1208] (4,11,8)
c[1209] (4,11,9)
c[1210] (4,11,10)
c[1211] (4,11,11)
c[1212] (4,11,12)
c[1213] (4,11,13)
c[1214] (4,11,14)
c[1215] (4,11,15)
c[1216] (4,12,0)
c[1217] (4,12,1)
c[1218] (4,12,2)
c[1219] (4,12,3)
c[1220] (4,12,4)
c[1221] (4,12,5)
c[1222] (4,12,6)
c[1223] (4,12,7)
c[1224] (4,12,8)
c[1225] (4,12,9)
c[1226] (4,12,10)
c[1227] (4,12,11)
c[1228] (4,12,12)
c[1229] (4,12,13)
c[1230] (4,12,14)
c[1231] (4,12,15)
c[1232] (4,13,0)
c[1233] (4,13,1)
c[1234] (4,13,2)
c[1235] (4,13,3)
c[1236] (4,13,4)
c[1237] (4,13,5)
c[1238] (4,13,6)
c[1239] (4,13,7)
c[1240] (4,13,8)
c[1241] (4,13,9)
c[1242] (4,13,10)
c[1243] (4,13,11)
c[1244] (4,13,12)
c[1245] (4,13,13)
c[1246] (4,13,14)
c[1247] (4,13,15)
c[1248] (4,14,0)
c[1249] (4,14,1)
c[1250] (4,14,2)
c[1251] (4,14,3)
c[1252] (4,14,4)
c[1253] (4,14,5)
c[1254] (4,14,6)
c[1255] (4,14,7)
c[1256] (4,14,8)
c[1257] (4,14,9)
c[1258] (4,14,10)
c[1259] (4,14,11)
c[1260] (4,14,12)
c[1261] (4,14,13)
c[1262] (4,14,14)
c[1263] (4,14,15)
c[1264] (4,15,0)
c[1265] (4,15,1)
c[1266] (4,15,2)
c[1267] (4,15,3)
c[1268] (4,15,4)
c[1269] (4,15,5)
c[1270] (4,15,6)
c[1271] (4,15,7)
c[1272] (4,15,8)
c[1273] (4,15,9)
c[1274] (4,15,10)
c[1275] (4,15,11)
c[1276] (4,15,12)
c[1277] (4,15,13)
c[1278] (4,15,14)
c[1279] (4,15,15)
c[1280] (5,0,0)
c[1281] (5,0,1)
c[1282] (5,0,2)
c[1283] (5,0,3)
c[1284] (5,0,4)
c[1285] (5,0,5)
c[1286] (5,0,6)
c[1287] (5,0,7)
c[1288] (5,0,8)
c[1289] (5,0,9)
c[1290] (5,0,10)
c[1291] (5,0,11)
c[1292] (5,0,12)
c[1293] (5,0,13)
c[1294] (5,0,14)
c[1295] (5,0,15)
c[1296] (5,1,0)
c[1297] (5,1,1)
c[1298] (5,1,2)
c[1299] (5,1,3)
c[1300] (5,1,4)
c[1301] (5,1,5)
c[1302] (5,1,6)
c[1303] (5,1,7)
c[1304] (5,1,8)
c[1305] (5,1,9)
c[1306] (5,1,10)
c[1307] (5,1,11)
c[1308] (5,1,12)
c[1309] (5,1,13)
c[1310] (5,1,14)
c[1311] (5,1,15)
c[1312] (5,2,0)
c[1313] (5,2,1)
c[1314] (5,2,2)
c[1315] (5,2,3)
c[1316] (5,2,4)
c[1317] (5,2,5)
c[1318] (5,2,6)
c[1319] (5,2,7)
c[1320] (5,2,8)
c[1321] (5,2,9)
c[1322] (5,2,10)
c[1323] (5,2,11)
c[1324] (5,2,12)
c[1325] (5,2,13)
c[1326] (5,2,14)
c[1327] (5,2,15)
c[1328] (5,3,0)
c[1329] (5,3,1)
c[1330] (5,3,2)
c[1331] (5,3,3)
c[1332] (5,3,4)
c[1333] (5,3,5)
c[1334] (5,3,6)
c[1335] (5,3,7)
c[1336] (5,3,8)
c[1337] (5,3,9)
c[1338] (5,3,10)
c[1339] (5,3,11)
c[1340] (5,3,12)
c[1341] (5,3,13)
c[1342] (5,3,14)
c[1343] (5,3,15)
c[1344] (5,4,0)
c[1345] (5,4,1)
c[1346] (5,4,2)
c[1347] (5,4,3)
c[1348] (5,4,4)
c[1349] (5,4,5)
c[1350] (5,4,6)
c[1351] (5,4,7)
c[1352] (5,4,8)
c[1353] (5,4,9)
c[1354] (5,4,10)
c[1355] (5,4,11)
c[1356] (5,4,12)
c[1357] (5,4,13)
c[1358] (5,4,14)
c[1359] (5,4,15)
c[1360] (5,5,0)
c[1361] (5,5,1)
c[1362] (5,5,2)
c[1363] (5,5,3)
c[1364] (5,5,4)
c[1365] (5,5,5)
c[1366] (5,5,6)
c[1367] (5,5,7)
c[1368] (5,5,8)
c[1369] (5,5,9)
c[1370] (5,5,10)
c[1371] (5,5,11)
c[1372] (5,5,12)
c[1373] (5,5,13)
c[1374] (5,5,14)
c[1375] (5,5,15)
c[1376] (5,6,0)
c[1377] (5,6,1)
c[1378] (5,6,2)
c[1379] (5,6,3)
c[1380] (5,6,4)
c[1381] (5,6,5)
c[1382] (5,6,6)
c[1383] (5,6,7)
c[1384] (5,6,8)
c[1385] (5,6,9)
c[1386] (5,6,10)
c[1387] (5,6,11)
c[1388] (5,6,12)
c[1389] (5,6,13)
c[1390] (5,6,14)
c[1391] (5,6,15)
c[1392] (5,7,0)
c[1393] (5,7,1)
c[1394] (5,7,2)
c[1395] (5,7,3)
c[1396] (5,7,4)
c[1397] (5,7,5)
c[1398] (5,7,6)
c[1399] (5,7,7)
c[1400] (5,7,8)
c[1401] (5,7,9)
c[1402] (5,7,10)
c[1403] (5,7,11)
c[1404] (5,7,12)
c[1405] (5,7,13)
c[1406] (5,7,14)
c[1407] (5,7,15)
c[1408] (5,8,0)
c[1409] (5,8,1)
c[1410] (5,8,2)
c[1411] (5,8,3)
c[1412] (5,8,4)
c[1413] (5,8,5)
c[1414] (5,8,6)
c[1415] (5,8,7)
c[1416] (5,8,8)
c[1417] (5,8,9)
c[1418] (5,8,10)
c[1419] (5,8,11)
c[1420] (5,8,12)
c[1421] (5,8,13)
c[1422] (5,8,14)
c[1423] (5,8,15)
c[1424] (5,9,0)
c[1425] (5,9,1)
c[1426] (5,9,2)
c[1427] (5,9,3)
c[1428] (5,9,4)
c[1429] (5,9,5)
c[1430] (5,9,6)
c[1431] (5,9,7)
c[1432] (5,9,8)
c[1433] (5,9,9)
c[1434] (5,9,10)
c[1435] (5,9,11)
c[1436] (5,9,12)
c[1437] (5,9,13)
c[1438] (5,9,14)
c[1439] (5,9,15)
c[1440] (5,10,0)
c[1441] (5,10,1)
c[1442] (5,10,2)
c[1443] (5,10,3)
c[1444] (5,10,4)
c[1445] (5,10,5)
c[1446] (5,10,6)
c[1447] (5,10,7)
c[1448] (5,10,8)
c[1449] (5,10,9)
c[1450] (5,10,10)
c[1451] (5,10,11)
c[1452] (5,10,12)
c[1453] (5,10,13)
c[1454] (5,10,14)
c[1455] (5,10,15)
c[1456] (5,11,0)
c[1457] (5,11,1)
c[1458] (5,11,2)
c[1459] (5,11,3)
c[1460] (5,11,4)
c[1461] (5,11,5)
c[1462] (5,11,6)
c[1463] (5,11,7)
c[1464] (5,11,8)
c[1465] (5,11,9)
c[1466] (5,11,10)
c[1467] (5,11,11)
c[1468] (5,11,12)
c[1469] (5,11,13)
c[1470] (5,11,14)
c[1471] (5,11,15)
c[1472] (5,12,0)
c[1473] (5,12,1)
c[1474] (5,12,2)
c[1475] (5,12,3)
c[1476] (5,12,4)
c[1477] (5,12,5)
c[1478] (5,12,6)
c[1479] (5,12,7)
c[1480] (5,12,8)
c[1481] (5,12,9)
c[1482] (5,12,10)
c[1483] (5,12,11)
c[1484] (5,12,12)
c[1485] (5,12,13)
c[1486] (5,12,14)
c[1487] (5,12,15)
c[1488] (5,13,0)
c[1489] (5,13,1)
c[1490] (5,13,2)
c[1491] (5,13,3)
c[1492] (5,13,4)
c[1493] (5,13,5)
c[1494] (5,13,6)
c[1495] (5,13,7)
c[1496] (5,13,8)
c[1497] (5,13,9)
c[1498] (5,13,10)
c[1499] (5,13,11)
c[1500] (5,13,12)
c[1501] (5,13,13)
c[1502] (5,13,14)
c[1503] (5,13,15)
c[1504] (5,14,0)
c[1505] (5,14,1)
c[1506] (5,14,2)
c[1507] (5,14,3)
c[1508] (5,14,4)
c[1509] (5,14,5)
c[1510] (5,14,6)
c[1511] (5,14,7)
c[1512] (5,14,8)
c[1513] (5,14,9)
c[1514] (5,14,10)
c[1515] (5,14,11)
c[1516] (5,14,12)
c[1517] (5,14,13)
c[1518] (5,14,14)
c[1519] (5,14,15)
c[1520] (5,15,0)
c[1521] (5,15,1)
c[1522] (5,15,2)
c[1523] (5,15,3)
c[1524] (5,15,4)
c[1525] (5,15,5)
c[1526] (5,15,6)
c[1527] (5,15,7)
c[1528] (5,15,8)
c[1529] (5,15,9)
c[1530] (5,15,10)
c[1531] (5,15,11)
c[1532] (5,15,12)
c[1533] (5,15,13)
c[1534] (5,15,14)
c[1535] (5,15,15)
c[1536] (6,0,0)
c[1537] (6,0,1)
c[1538] (6,0,2)
c[1539] (6,0,3)
c[1540] (6,0,4)
c[1541] (6,0,5)
c[1542] (6,0,6)
c[1543] (6,0,7)
c[1544] (6,0,8)
c[1545] (6,0,9)
c[1546] (6,0,10)
c[1547] (6,0,11)
c[1548] (6,0,12)
c[1549] (6,0,13)
c[1550] (6,0,14)
c[1551] (6,0,15)
c[1552] (6,1,0)
c[1553] (6,1,1)
c[1554] (6,1,2)
c[1555] (6,1,3)
c[1556] (6,1,4)
c[1557] (6,1,5)
c[1558] (6,1,6)
c[1559] (6,1,7)
c[1560] (6,1,8)
c[1561] (6,1,9)
c[1562] (6,1,10)
c[1563] (6,1,11)
c[1564] (6,1,12)
c[1565] (6,1,13)
c[1566] (6,1,14)
c[1567] (6,1,15)
c[1568] (6,2,0)
c[1569] (6,2,1)
c[1570] (6,2,2)
c[1571] (6,2,3)
c[1572] (6,2,4)
c[1573] (6,2,5)
c[1574] (6,2,6)
c[1575] (6,2,7)
c[1576] (6,2,8)
c[1577] (6,2,9)
c[1578] (6,2,10)
c[1579] (6,2,11)
c[1580] (6,2,12)
c[1581] (6,2,13)
c[1582] (6,2,14)
c[1583] (6,2,15)
c[1584] (6,3,0)
c[1585] (6,3,1)
c[1586] (6,3,2)
c[1587] (6,3,3)
c[1588] (6,3,4)
c[1589] (6,3,5)
c[1590] (6,3,6)
c[1591] (6,3,7)
c[1592] (6,3,8)
c[1593] (6,3,9)
c[1594] (6,3,10)
c[1595] (6,3,11)
c[1596] (6,3,12)
c[1597] (6,3,13)
c[1598] (6,3,14)
c[1599] (6,3,15)
c[1600] (6,4,0)
c[1601] (6,4,1)
c[1602] (6,4,2)
c[1603] (6,4,3)
c[1604] (6,4,4)
c[1605] (6,4,5)
c[1606] (6,4,6)
c[1607] (6,4,7)
c[1608] (6,4,8)
c[1609] (6,4,9)
c[1610] (6,4,10)
c[1611] (6,4,11)
c[1612] (6,4,12)
c[1613] (6,4,13)
c[1614] (6,4,14)
c[1615] (6,4,15)
c[1616] (6,5,0)
c[1617] (6,5,1)
c[1618] (6,5,2)
c[1619] (6,5,3)
c[1620] (6,5,4)
c[1621] (6,5,5)
c[1622] (6,5,6)
c[1623] (6,5,7)
c[1624] (6,5,8)
c[1625] (6,5,9)
c[1626] (6,5,10)
c[1627] (6,5,11)
c[1628] (6,5,12)
c[1629] (6,5,13)
c[1630] (6,5,14)
c[1631] (6,5,15)
c[1632] (6,6,0)
c[1633] (6,6,1)
c[1634] (6,6,2)
c[1635] (6,6,3)
c[1636] (6,6,4)
c[1637] (6,6,5)
c[1638] (6,6,6)
c[1639] (6,6,7)
c[1640] (6,6,8)
c[1641] (6,6,9)
c[1642] (6,6,10)
c[1643] (6,6,11)
c[1644] (6,6,12)
c[1645] (6,6,13)
c[1646] (6,6,14)
c[1647] (6,6,15)
c[1648] (6,7,0)
c[1649] (6,7,1)
c[1650] (6,7,2)
c[1651] (6,7,3)
c[1652] (6,7,4)
c[1653] (6,7,5)
c[1654] (6,7,6)
c[1655] (6,7,7)
c[1656] (6,7,8)
c[1657] (6,7,9)
c[1658] (6,7,10)
c[1659] (6,7,11)
c[1660] (6,7,12)
c[1661] (6,7,13)
c[1662] (6,7,14)
c[1663] (6,7,15)
c[1664] (6,8,0)
c[1665] (6,8,1)
c[1666] (6,8,2)
c[1667] (6,8,3)
c[1668] (6,8,4)
c[1669] (6,8,5)
c[1670] (6,8,6)
c[1671] (6,8,7)
c[1672] (6,8,8)
c[1673] (6,8,9)
c[1674] (6,8,10)
c[1675] (6,8,11)
c[1676] (6,8,12)
c[1677] (6,8,13)
c[1678] (6,8,14)
c[1679] (6,8,15)
c[1680] (6,9,0)
c[1681] (6,9,1)
c[1682] (6,9,2)
c[1683] (6,9,3)
c[1684] (6,9,4)
c[1685] (6,9,5)
c[1686] (6,9,6)
c[1687] (6,9,7)
c[1688] (6,9,8)
c[1689] (6,9,9)
c[1690] (6,9,10)
c[1691] (6,9,11)
c[1692] (6,9,12)
c[1693] (6,9,13)
c[1694] (6,9,14)
c[1695] (6,9,15)
c[1696] (6,10,0)
c[1697] (6,10,1)
c[1698] (6,10,2)
c[1699] (6,10,3)
c[1700] (6,10,4)
c[1701] (6,10,5)
c[1702] (6,10,6)
c[1703] (6,10,7)
c[1704] (6,10,8)
c[1705] (6,10,9)
c[1706] (6,10,10)
c[1707] (6,10,11)
c[1708] (6,10,12)
c[1709] (6,10,13)
c[1710] (6,10,14)
c[1711] (6,10,15)
c[1712] (6,11,0)
c[1713] (6,11,1)
c[1714] (6,11,2)
c[1715] (6,11,3)
c[1716] (6,11,4)
c[1717] (6,11,5)
c[1718] (6,11,6)
c[1719] (6,11,7)
c[1720] (6,11,8)
c[1721] (6,11,9)
c[1722] (6,11,10)
c[1723] (6,11,11)
c[1724] (6,11,12)
c[1725] (6,11,13)
c[1726] (6,11,14)
c[1727] (6,11,15)
c[1728] (6,12,0)
c[1729] (6,12,1)
c[1730] (6,12,2)
c[1731] (6,12,3)
c[1732] (6,12,4)
c[1733] (6,12,5)
c[1734] (6,12,6)
c[1735] (6,12,7)
c[1736] (6,12,8)
c[1737] (6,12,9)
c[1738] (6,12,10)
c[1739] (6,12,11)
c[1740] (6,12,12)
c[1741] (6,12,13)
c[1742] (6,12,14)
c[1743] (6,12,15)
c[1744] (6,13,0)
c[1745] (6,13,1)
c[1746] (6,13,2)
c[1747] (6,13,3)
c[1748] (6,13,4)
c[1749] (6,13,5)
c[1750] (6,13,6)
c[1751] (6,13,7)
c[1752] (6,13,8)
c[1753] (6,13,9)
c[1754] (6,13,10)
c[1755] (6,13,11)
c[1756] (6,13,12)
c[1757] (6,13,13)
c[1758] (6,13,14)
c[1759] (6,13,15)
c[1760] (6,14,0)
c[1761] (6,14,1)
c[1762] (6,14,2)
c[1763] (6,14,3)
c[1764] (6,14,4)
c[1765] (6,14,5)
c[1766] (6,14,6)
c[1767] (6,14,7)
c[1768] (6,14,8)
c[1769] (6,14,9)
c[1770] (6,14,10)
c[1771] (6,14,11)
c[1772] (6,14,12)
c[1773] (6,14,13)
c[1774] (6,14,14)
c[1775] (6,14,15)
c[1776] (6,15,0)
c[1777] (6,15,1)
c[1778] (6,15,2)
c[1779] (6,15,3)
c[1780] (6,15,4)
c[1781] (6,15,5)
c[1782] (6,15,6)
c[1783] (6,15,7)
c[1784] (6,15,8)
c[1785] (6,15,9)
c[1786] (6,15,10)
c[1787] (6,15,11)
c[1788] (6,15,12)
c[1789] (6,15,13)
c[1790] (6,15,14)
c[1791] (6,15,15)
c[1792] (7,0,0)
c[1793] (7,0,1)
c[1794] (7,0,2)
c[1795] (7,0,3)
c[1796] (7,0,4)
c[1797] (7,0,5)
c[1798] (7,0,6)
c[1799] (7,0,7)
c[1800] (7,0,8)
c[1801] (7,0,9)
c[1802] (7,0,10)
c[1803] (7,0,11)
c[1804] (7,0,12)
c[1805] (7,0,13)
c[1806] (7,0,14)
c[1807] (7,0,15)
c[1808] (7,1,0)
c[1809] (7,1,1)
c[1810] (7,1,2)
c[1811] (7,1,3)
c[1812] (7,1,4)
c[1813] (7,1,5)
c[1814] (7,1,6)
c[1815] (7,1,7)
c[1816] (7,1,8)
c[1817] (7,1,9)
c[1818] (7,1,10)
c[1819] (7,1,11)
c[1820] (7,1,12)
c[1821] (7,1,13)
c[1822] (7,1,14)
c[1823] (7,1,15)
c[1824] (7,2,0)
c[1825] (7,2,1)
c[1826] (7,2,2)
c[1827] (7,2,3)
c[1828] (7,2,4)
c[1829] (7,2,5)
c[1830] (7,2,6)
c[1831] (7,2,7)
c[1832] (7,2,8)
c[1833] (7,2,9)
c[1834] (7,2,10)
c[1835] (7,2,11)
c[1836] (7,2,12)
c[1837] (7,2,13)
c[1838] (7,2,14)
c[1839] (7,2,15)
c[1840] (7,3,0)
c[1841] (7,3,1)
c[1842] (7,3,2)
c[1843] (7,3,3)
c[1844] (7,3,4)
c[1845] (7,3,5)
c[1846] (7,3,6)
c[1847] (7,3,7)
c[1848] (7,3,8)
c[1849] (7,3,9)
c[1850] (7,3,10)
c[1851] (7,3,11)
c[1852] (7,3,12)
c[1853] (7,3,13)
c[1854] (7,3,14)
c[1855] (7,3,15)
c[1856] (7,4,0)
c[1857] (7,4,1)
c[1858] (7,4,2)
c[1859] (7,4,3)
c[1860] (7,4,4)
c[1861] (7,4,5)
c[1862] (7,4,6)
c[1863] (7,4,7)
c[1864] (7,4,8)
c[1865] (7,4,9)
c[1866] (7,4,10)
c[1867] (7,4,11)
c[1868] (7,4,12)
c[1869] (7,4,13)
c[1870] (7,4,14)
c[1871] (7,4,15)
c[1872] (7,5,0)
c[1873] (7,5,1)
c[1874] (7,5,2)
c[1875] (7,5,3)
c[1876] (7,5,4)
c[1877] (7,5,5)
c[1878] (7,5,6)
c[1879] (7,5,7)
c[1880] (7,5,8)
c[1881] (7,5,9)
c[1882] (7,5,10)
c[1883] (7,5,11)
c[1884] (7,5,12)
c[1885] (7,5,13)
c[1886] (7,5,14)
c[1887] (7,5,15)
c[1888] (7,6,0)
c[1889] (7,6,1)
c[1890] (7,6,2)
c[1891] (7,6,3)
c[1892] (7,6,4)
c[1893] (7,6,5)
c[1894] (7,6,6)
c[1895] (7,6,7)
c[1896] (7,6,8)
c[1897] (7,6,9)
c[1898] (7,6,10)
c[1899] (7,6,11)
c[1900] (7,6,12)
c[1901] (7,6,13)
c[1902] (7,6,14)
c[1903] (7,6,15)
c[1904] (7,7,0)
c[1905] (7,7,1)
c[1906] (7,7,2)
c[1907] (7,7,3)
c[1908] (7,7,4)
c[1909] (7,7,5)
c[1910] (7,7,6)
c[1911] (7,7,7)
c[1912] (7,7,8)
c[1913] (7,7,9)
c[1914] (7,7,10)
c[1915] (7,7,11)
c[1916] (7,7,12)
c[1917] (7,7,13)
c[1918] (7,7,14)
c[1919] (7,7,15)
c[1920] (7,8,0)
c[1921] (7,8,1)
c[1922] (7,8,2)
c[1923] (7,8,3)
c[1924] (7,8,4)
c[1925] (7,8,5)
c[1926] (7,8,6)
c[1927] (7,8,7)
c[1928] (7,8,8)
c[1929] (7,8,9)
c[1930] (7,8,10)
c[1931] (7,8,11)
c[1932] (7,8,12)
c[1933] (7,8,13)
c[1934] (7,8,14)
c[1935] (7,8,15)
c[1936] (7,9,0)
c[1937] (7,9,1)
c[1938] (7,9,2)
c[1939] (7,9,3)
c[1940] (7,9,4)
c[1941] (7,9,5)
c[1942] (7,9,6)
c[1943] (7,9,7)
c[1944] (7,9,8)
c[1945] (7,9,9)
c[1946] (7,9,10)
c[1947] (7,9,11)
c[1948] (7,9,12)
c[1949] (7,9,13)
c[1950] (7,9,14)
c[1951] (7,9,15)
c[1952] (7,10,0)
c[1953] (7,10,1)
c[1954] (7,10,2)
c[1955] (7,10,3)
c[1956] (7,10,4)
c[1957] (7,10,5)
c[1958] (7,10,6)
c[1959] (7,10,7)
c[1960] (7,10,8)
c[1961] (7,10,9)
c[1962] (7,10,10)
c[1963] (7,10,11)
c[1964] (7,10,12)
c[1965] (7,10,13)
c[1966] (7,10,14)
c[1967] (7,10,15)
c[1968] (7,11,0)
c[1969] (7,11,1)
c[1970] (7,11,2)
c[1971] (7,11,3)
c[1972] (7,11,4)
c[1973] (7,11,5)
c[1974] (7,11,6)
c[1975] (7,11,7)
c[1976] (7,11,8)
c[1977] (7,11,9)
c[1978] (7,11,10)
c[1979] (7,11,11)
c[1980] (7,11,12)
c[1981] (7,11,13)
c[1982] (7,11,14)
c[1983] (7,11,15)
c[1984] (7,12,0)
c[1985] (7,12,1)
c[1986] (7,12,2)
c[1987] (7,12,3)
c[1988] (7,12,4)
c[1989] (7,12,5)
c[1990] (7,12,6)
c[1991] (7,12,7)
c[1992] (7,12,8)
c[1993] (7,12,9)
c[1994] (7,12,10)
c[1995] (7,12,11)
c[1996] (7,12,12)
c[1997] (7,12,13)
c[1998] (7,12,14)
c[1999] (7,12,15)
c[2000] (7,13,0)
c[2001] (7,13,1)
c[2002] (7,13,2)
c[2003] (7,13,3)
c[2004] (7,13,4)
c[2005] (7,13,5)
c[2006] (7,13,6)
c[2007] (7,13,7)
c[2008] (7,13,8)
c[2009] (7,13,9)
c[2010] (7,13,10)
c[2011] (7,13,11)
c[2012] (7,13,12)
c[2013] (7,13,13)
c[2014] (7,13,14)
c[2015] (7,13,15)
c[2016] (7,14,0)
c[2017] (7,14,1)
c[2018] (7,14,2)
c[2019] (7,14,3)
c[2020] (7,14,4)
c[2021] (7,14,5)
c[2022] (7,14,6)
c[2023] (7,14,7)
c[2024] (7,14,8)
c[2025] (7,14,9)
c[2026] (7,14,10)
c[2027] (7,14,11)
c[2028] (7,14,12)
c[2029] (7,14,13)
c[2030] (7,14,14)
c[2031] (7,14,15)
c[2032] (7,15,0)
c[2033] (7,15,1)
c[2034] (7,15,2)
c[2035] (7,15,3)
c[2036] (7,15,4)
c[2037] (7,15,5)
c[2038] (7,15,6)
c[2039] (7,15,7)
c[2040] (7,15,8)
c[2041] (7,15,9)
c[2042] (7,15,10)
c[2043] (7,15,11)
c[2044] (7,15,12)
c[2045] (7,15,13)
c[2046] (7,15,14)
c[2047] (7,15,15)
c[2048] (8,0,0)
c[2049] (8,0,1)
c[2050] (8,0,2)
c[2051] (8,0,3)
c[2052] (8,0,4)
c[2053] (8,0,5)
c[2054] (8,0,6)
c[2055] (8,0,7)
c[2056] (8,0,8)
c[2057] (8,0,9)
c[2058] (8,0,10)
c[2059] (8,0,11)
c[2060] (8,0,12)
c[2061] (8,0,13)
c[2062] (8,0,14)
c[2063] (8,0,15)
c[2064] (8,1,0)
c[2065] (8,1,1)
c[2066] (8,1,2)
c[2067] (8,1,3)
c[2068] (8,1,4)
c[2069] (8,1,5)
c[2070] (8,1,6)
c[2071] (8,1,7)
c[2072] (8,1,8)
c[2073] (8,1,9)
c[2074] (8,1,10)
c[2075] (8,1,11)
c[2076] (8,1,12)
c[2077] (8,1,13)
c[2078] (8,1,14)
c[2079] (8,1,15)
c[2080] (8,2,0)
c[2081] (8,2,1)
c[2082] (8,2,2)
c[2083] (8,2,3)
c[2084] (8,2,4)
c[2085] (8,2,5)
c[2086] (8,2,6)
c[2087] (8,2,7)
c[2088] (8,2,8)
c[2089] (8,2,9)
c[2090] (8,2,10)
c[2091] (8,2,11)
c[2092] (8,2,12)
c[2093] (8,2,13)
c[2094] (8,2,14)
c[2095] (8,2,15)
c[2096] (8,3,0)
c[2097] (8,3,1)
c[2098] (8,3,2)
c[2099] (8,3,3)
c[2100] (8,3,4)
c[2101] (8,3,5)
c[2102] (8,3,6)
c[2103] (8,3,7)
c[2104] (8,3,8)
c[2105] (8,3,9)
c[2106] (8,3,10)
c[2107] (8,3,11)
c[2108] (8,3,12)
c[2109] (8,3,13)
c[2110] (8,3,14)
c[2111] (8,3,15)
c[2112] (8,4,0)
c[2113] (8,4,1)
c[2114] (8,4,2)
c[2115] (8,4,3)
c[2116] (8,4,4)
c[2117] (8,4,5)
c[2118] (8,4,6)
c[2119] (8,4,7)
c[2120] (8,4,8)
c[2121] (8,4,9)
c[2122] (8,4,10)
c[2123] (8,4,11)
c[2124] (8,4,12)
c[2125] (8,4,13)
c[2126] (8,4,14)
c[2127] (8,4,15)
c[2128] (8,5,0)
c[2129] (8,5,1)
c[2130] (8,5,2)
c[2131] (8,5,3)
c[2132] (8,5,4)
c[2133] (8,5,5)
c[2134] (8,5,6)
c[2135] (8,5,7)
c[2136] (8,5,8)
c[2137] (8,5,9)
c[2138] (8,5,10)
c[2139] (8,5,11)
c[2140] (8,5,12)
c[2141] (8,5,13)
c[2142] (8,5,14)
c[2143] (8,5,15)
c[2144] (8,6,0)
c[2145] (8,6,1)
c[2146] (8,6,2)
c[2147] (8,6,3)
c[2148] (8,6,4)
c[2149] (8,6,5)
c[2150] (8,6,6)
c[2151] (8,6,7)
c[2152] (8,6,8)
c[2153] (8,6,9)
c[2154] (8,6,10)
c[2155] (8,6,11)
c[2156] (8,6,12)
c[2157] (8,6,13)
c[2158] (8,6,14)
c[2159] (8,6,15)
c[2160] (8,7,0)
c[2161] (8,7,1)
c[2162] (8,7,2)
c[2163] (8,7,3)
c[2164] (8,7,4)
c[2165] (8,7,5)
c[2166] (8,7,6)
c[2167] (8,7,7)
c[2168] (8,7,8)
c[2169] (8,7,9)
c[2170] (8,7,10)
c[2171] (8,7,11)
c[2172] (8,7,12)
c[2173] (8,7,13)
c[2174] (8,7,14)
c[2175] (8,7,15)
c[2176] (8,8,0)
c[2177] (8,8,1)
c[2178] (8,8,2)
c[2179] (8,8,3)
c[2180] (8,8,4)
c[2181] (8,8,5)
c[2182] (8,8,6)
c[2183] (8,8,7)
c[2184] (8,8,8)
c[2185] (8,8,9)
c[2186] (8,8,10)
c[2187] (8,8,11)
c[2188] (8,8,12)
c[2189] (8,8,13)
c[2190] (8,8,14)
c[2191] (8,8,15)
c[2192] (8,9,0)
c[2193] (8,9,1)
c[2194] (8,9,2)
c[2195] (8,9,3)
c[2196] (8,9,4)
c[2197] (8,9,5)
c[2198] (8,9,6)
c[2199] (8,9,7)
c[2200] (8,9,8)
c[2201] (8,9,9)
c[2202] (8,9,10)
c[2203] (8,9,11)
c[2204] (8,9,12)
c[2205] (8,9,13)
c[2206] (8,9,14)
c[2207] (8,9,15)
c[2208] (8,10,0)
c[2209] (8,10,1)
c[2210] (8,10,2)
c[2211] (8,10,3)
c[2212] (8,10,4)
c[2213] (8,10,5)
c[2214] (8,10,6)
c[2215] (8,10,7)
c[2216] (8,10,8)
c[2217] (8,10,9)
c[2218] (8,10,10)
c[2219] (8,10,11)
c[2220] (8,10,12)
c[2221] (8,10,13)
c[2222] (8,10,14)
c[2223] (8,10,15)
c[2224] (8,11,0)
c[2225] (8,11,1)
c[2226] (8,11,2)
c[2227] (8,11,3)
c[2228] (8,11,4)
c[2229] (8,11,5)
c[2230] (8,11,6)
c[2231] (8,11,7)
c[2232] (8,11,8)
c[2233] (8,11,9)
c[2234] (8,11,10)
c[2235] (8,11,11)
c[2236] (8,11,12)
c[2237] (8,11,13)
c[2238] (8,11,14)
c[2239] (8,11,15)
c[2240] (8,12,0)
c[2241] (8,12,1)
c[2242] (8,12,2)
c[2243] (8,12,3)
c[2244] (8,12,4)
c[2245] (8,12,5)
c[2246] (8,12,6)
c[2247] (8,12,7)
c[2248] (8,12,8)
c[2249] (8,12,9)
c[2250] (8,12,10)
c[2251] (8,12,11)
c[2252] (8,12,12)
c[2253] (8,12,13)
c[2254] (8,12,14)
c[2255] (8,12,15)
c[2256] (8,13,0)
c[2257] (8,13,1)
c[2258] (8,13,2)
c[2259] (8,13,3)
c[2260] (8,13,4)
c[2261] (8,13,5)
c[2262] (8,13,6)
c[2263] (8,13,7)
c[2264] (8,13,8)
c[2265] (8,13,9)
c[2266] (8,13,10)
c[2267] (8,13,11)
c[2268] (8,13,12)
c[2269] (8,13,13)
c[2270] (8,13,14)
c[2271] (8,13,15)
c[2272] (8,14,0)
c[2273] (8,14,1)
c[2274] (8,14,2)
c[2275] (8,14,3)
c[2276] (8,14,4)
c[2277] (8,14,5)
c[2278] (8,14,6)
c[2279] (8,14,7)
c[2280] (8,14,8)
c[2281] (8,14,9)
c[2282] (8,14,10)
c[2283] (8,14,11)
c[2284] (8,14,12)
c[2285] (8,14,13)
c[2286] (8,14,14)
c[2287] (8,14,15)
c[2288] (8,15,0)
c[2289] (8,15,1)
c[2290] (8,15,2)
c[2291] (8,15,3)
c[2292] (8,15,4)
c[2293] (8,15,5)
c[2294] (8,15,6)
c[2295] (8,15,7)
c[2296] (8,15,8)
c[2297] (8,15,9)
c[2298] (8,15,10)
c[2299] (8,15,11)
c[2300] (8,15,12)
c[2301] (8,15,13)
c[2302] (8,15,14)
c[2303] (8,15,15)
c[2304] (9,0,0)
c[2305] (9,0,1)
c[2306] (9,0,2)
c[2307] (9,0,3)
c[2308] (9,0,4)
c[2309] (9,0,5)
c[2310] (9,0,6)
c[2311] (9,0,7)
c[2312] (9,0,8)
c[2313] (9,0,9)
c[2314] (9,0,10)
c[2315] (9,0,11)
c[2316] (9,0,12)
c[2317] (9,0,13)
c[2318] (9,0,14)
c[2319] (9,0,15)
c[2320] (9,1,0)
c[2321] (9,1,1)
c[2322] (9,1,2)
c[2323] (9,1,3)
c[2324] (9,1,4)
c[2325] (9,1,5)
c[2326] (9,1,6)
c[2327] (9,1,7)
c[2328] (9,1,8)
c[2329] (9,1,9)
c[2330] (9,1,10)
c[2331] (9,1,11)
c[2332] (9,1,12)
c[2333] (9,1,13)
c[2334] (9,1,14)
c[2335] (9,1,15)
c[2336] (9,2,0)
c[2337] (9,2,1)
c[2338] (9,2,2)
c[2339] (9,2,3)
c[2340] (9,2,4)
c[2341] (9,2,5)
c[2342] (9,2,6)
c[2343] (9,2,7)
c[2344] (9,2,8)
c[2345] (9,2,9)
c[2346] (9,2,10)
c[2347] (9,2,11)
c[2348] (9,2,12)
c[2349] (9,2,13)
c[2350] (9,2,14)
c[2351] (9,2,15)
c[2352] (9,3,0)
c[2353] (9,3,1)
c[2354] (9,3,2)
c[2355] (9,3,3)
c[2356] (9,3,4)
c[2357] (9,3,5)
c[2358] (9,3,6)
c[2359] (9,3,7)
c[2360] (9,3,8)
c[2361] (9,3,9)
c[2362] (9,3,10)
c[2363] (9,3,11)
c[2364] (9,3,12)
c[2365] (9,3,13)
c[2366] (9,3,14)
c[2367] (9,3,15)
c[2368] (9,4,0)
c[2369] (9,4,1)
c[2370] (9,4,2)
c[2371] (9,4,3)
c[2372] (9,4,4)
c[2373] (9,4,5)
c[2374] (9,4,6)
c[2375] (9,4,7)
c[2376] (9,4,8)
c[2377] (9,4,9)
c[2378] (9,4,10)
c[2379] (9,4,11)
c[2380] (9,4,12)
c[2381] (9,4,13)
c[2382] (9,4,14)
c[2383] (9,4,15)
c[2384] (9,5,0)
c[2385] (9,5,1)
c[2386] (9,5,2)
c[2387] (9,5,3)
c[2388] (9,5,4)
c[2389] (9,5,5)
c[2390] (9,5,6)
c[2391] (9,5,7)
c[2392] (9,5,8)
c[2393] (9,5,9)
c[2394] (9,5,10)
c[2395] (9,5,11)
c[2396] (9,5,12)
c[2397] (9,5,13)
c[2398] (9,5,14)
c[2399] (9,5,15)
c[2400] (9,6,0)
c[2401] (9,6,1)
c[2402] (9,6,2)
c[2403] (9,6,3)
c[2404] (9,6,4)
c[2405] (9,6,5)
c[2406] (9,6,6)
c[2407] (9,6,7)
c[2408] (9,6,8)
c[2409] (9,6,9)
c[2410] (9,6,10)
c[2411] (9,6,11)
c[2412] (9,6,12)
c[2413] (9,6,13)
c[2414] (9,6,14)
c[2415] (9,6,15)
c[2416] (9,7,0)
c[2417] (9,7,1)
c[2418] (9,7,2)
c[2419] (9,7,3)
c[2420] (9,7,4)
c[2421] (9,7,5)
c[2422] (9,7,6)
c[2423] (9,7,7)
c[2424] (9,7,8)
c[2425] (9,7,9)
c[2426] (9,7,10)
c[2427] (9,7,11)
c[2428] (9,7,12)
c[2429] (9,7,13)
c[2430] (9,7,14)
c[2431] (9,7,15)
c[2432] (9,8,0)
c[2433] (9,8,1)
c[2434] (9,8,2)
c[2435] (9,8,3)
c[2436] (9,8,4)
c[2437] (9,8,5)
c[2438] (9,8,6)
c[2439] (9,8,7)
c[2440] (9,8,8)
c[2441] (9,8,9)
c[2442] (9,8,10)
c[2443] (9,8,11)
c[2444] (9,8,12)
c[2445] (9,8,13)
c[2446] (9,8,14)
c[2447] (9,8,15)
c[2448] (9,9,0)
c[2449] (9,9,1)
c[2450] (9,9,2)
c[2451] (9,9,3)
c[2452] (9,9,4)
c[2453] (9,9,5)
c[2454] (9,9,6)
c[2455] (9,9,7)
c[2456] (9,9,8)
c[2457] (9,9,9)
c[2458] (9,9,10)
c[2459] (9,9,11)
c[2460] (9,9,12)
c[2461] (9,9,13)
c[2462] (9,9,14)
c[2463] (9,9,15)
c[2464] (9,10,0)
c[2465] (9,10,1)
c[2466] (9,10,2)
c[2467] (9,10,3)
c[2468] (9,10,4)
c[2469] (9,10,5)
c[2470] (9,10,6)
c[2471] (9,10,7)
c[2472] (9,10,8)
c[2473] (9,10,9)
c[2474] (9,10,10)
c[2475] (9,10,11)
c[2476] (9,10,12)
c[2477] (9,10,13)
c[2478] (9,10,14)
c[2479] (9,10,15)
c[2480] (9,11,0)
c[2481] (9,11,1)
c[2482] (9,11,2)
c[2483] (9,11,3)
c[2484] (9,11,4)
c[2485] (9,11,5)
c[2486] (9,11,6)
c[2487] (9,11,7)
c[2488] (9,11,8)
c[2489] (9,11,9)
c[2490] (9,11,10)
c[2491] (9,11,11)
c[2492] (9,11,12)
c[2493] (9,11,13)
c[2494] (9,11,14)
c[2495] (9,11,15)
c[2496] (9,12,0)
c[2497] (9,12,1)
c[2498] (9,12,2)
c[2499] (9,12,3)
c[2500] (9,12,4)
c[2501] (9,12,5)
c[2502] (9,12,6)
c[2503] (9,12,7)
c[2504] (9,12,8)
c[2505] (9,12,9)
c[2506] (9,12,10)
c[2507] (9,12,11)
c[2508] (9,12,12)
c[2509] (9,12,13)
c[2510] (9,12,14)
c[2511] (9,12,15)
c[2512] (9,13,0)
c[2513] (9,13,1)
c[2514] (9,13,2)
c[2515] (9,13,3)
c[2516] (9,13,4)
c[2517] (9,13,5)
c[2518] (9,13,6)
c[2519] (9,13,7)
c[2520] (9,13,8)
c[2521] (9,13,9)
c[2522] (9,13,10)
c[2523] (9,13,11)
c[2524] (9,13,12)
c[2525] (9,13,13)
c[2526] (9,13,14)
c[2527] (9,13,15)
c[2528] (9,14,0)
c[2529] (9,14,1)
c[2530] (9,14,2)
c[2531] (9,14,3)
c[2532] (9,14,4)
c[2533] (9,14,5)
c[2534] (9,14,6)
c[2535] (9,14,7)
c[2536] (9,14,8)
c[2537] (9,14,9)
c[2538] (9,14,10)
c[2539] (9,14,11)
c[2540] (9,14,12)
c[2541] (9,14,13)
c[2542] (9,14,14)
c[2543] (9,14,15)
c[2544] (9,15,0)
c[2545] (9,15,1)
c[2546] (9,15,2)
c[2547] (9,15,3)
c[2548] (9,15,4)
c[2549] (9,15,5)
c[2550] (9,15,6)
c[2551] (9,15,7)
c[2552] (9,15,8)
c[2553] (9,15,9)
c[2554] (9,15,10)
c[2555] (9,15,11)
c[2556] (9,15,12)
c[2557] (9,15,13)
c[2558] (9,15,14)
c[2559] (9,15,15)
c[2560] (10,0,0)
c[2561] (10,0,1)
c[2562] (10,0,2)
c[2563] (10,0,3)
c[2564] (10,0,4)
c[2565] (10,0,5)
c[2566] (10,0,6)
c[2567] (10,0,7)
c[2568] (10,0,8)
c[2569] (10,0,9)
c[2570] (10,0,10)
c[2571] (10,0,11)
c[2572] (10,0,12)
c[2573] (10,0,13)
c[2574] (10,0,14)
c[2575] (10,0,15)
c[2576] (10,1,0)
c[2577] (10,1,1)
c[2578] (10,1,2)
c[2579] (10,1,3)
c[2580] (10,1,4)
c[2581] (10,1,5)
c[2582] (10,1,6)
c[2583] (10,1,7)
c[2584] (10,1,8)
c[2585] (10,1,9)
c[2586] (10,1,10)
c[2587] (10,1,11)
c[2588] (10,1,12)
c[2589] (10,1,13)
c[2590] (10,1,14)
c[2591] (10,1,15)
c[2592] (10,2,0)
c[2593] (10,2,1)
c[2594] (10,2,2)
c[2595] (10,2,3)
c[2596] (10,2,4)
c[2597] (10,2,5)
c[2598] (10,2,6)
c[2599] (10,2,7)
c[2600] (10,2,8)
c[2601] (10,2,9)
c[2602] (10,2,10)
c[2603] (10,2,11)
c[2604] (10,2,12)
c[2605] (10,2,13)
c[2606] (10,2,14)
c[2607] (10,2,15)
c[2608] (10,3,0)
c[2609] (10,3,1)
c[2610] (10,3,2)
c[2611] (10,3,3)
c[2612] (10,3,4)
c[2613] (10,3,5)
c[2614] (10,3,6)
c[2615] (10,3,7)
c[2616] (10,3,8)
c[2617] (10,3,9)
c[2618] (10,3,10)
c[2619] (10,3,11)
c[2620] (10,3,12)
c[2621] (10,3,13)
c[2622] (10,3,14)
c[2623] (10,3,15)
c[2624] (10,4,0)
c[2625] (10,4,1)
c[2626] (10,4,2)
c[2627] (10,4,3)
c[2628] (10,4,4)
c[2629] (10,4,5)
c[2630] (10,4,6)
c[2631] (10,4,7)
c[2632] (10,4,8)
c[2633] (10,4,9)
c[2634] (10,4,10)
c[2635] (10,4,11)
c[2636] (10,4,12)
c[2637] (10,4,13)
c[2638] (10,4,14)
c[2639] (10,4,15)
c[2640] (10,5,0)
c[2641] (10,5,1)
c[2642] (10,5,2)
c[2643] (10,5,3)
c[2644] (10,5,4)
c[2645] (10,5,5)
c[2646] (10,5,6)
c[2647] (10,5,7)
c[2648] (10,5,8)
c[2649] (10,5,9)
c[2650] (10,5,10)
c[2651] (10,5,11)
c[2652] (10,5,12)
c[2653] (10,5,13)
c[2654] (10,5,14)
c[2655] (10,5,15)
c[2656] (10,6,0)
c[2657] (10,6,1)
c[2658] (10,6,2)
c[2659] (10,6,3)
c[2660] (10,6,4)
c[2661] (10,6,5)
c[2662] (10,6,6)
c[2663] (10,6,7)
c[2664] (10,6,8)
c[2665] (10,6,9)
c[2666] (10,6,10)
c[2667] (10,6,11)
c[2668] (10,6,12)
c[2669] (10,6,13)
c[2670] (10,6,14)
c[2671] (10,6,15)
c[2672] (10,7,0)
c[2673] (10,7,1)
c[2674] (10,7,2)
c[2675] (10,7,3)
c[2676] (10,7,4)
c[2677] (10,7,5)
c[2678] (10,7,6)
c[2679] (10,7,7)
c[2680] (10,7,8)
c[2681] (10,7,9)
c[2682] (10,7,10)
c[2683] (10,7,11)
c[2684] (10,7,12)
c[2685] (10,7,13)
c[2686] (10,7,14)
c[2687] (10,7,15)
c[2688] (10,8,0)
c[2689] (10,8,1)
c[2690] (10,8,2)
c[2691] (10,8,3)
c[2692] (10,8,4)
c[2693] (10,8,5)
c[2694] (10,8,6)
c[2695] (10,8,7)
c[2696] (10,8,8)
c[2697] (10,8,9)
c[2698] (10,8,10)
c[2699] (10,8,11)
c[2700] (10,8,12)
c[2701] (10,8,13)
c[2702] (10,8,14)
c[2703] (10,8,15)
c[2704] (10,9,0)
c[2705] (10,9,1)
c[2706] (10,9,2)
c[2707] (10,9,3)
c[2708] (10,9,4)
c[2709] (10,9,5)
c[2710] (10,9,6)
c[2711] (10,9,7)
c[2712] (10,9,8)
c[2713] (10,9,9)
c[2714] (10,9,10)
c[2715] (10,9,11)
c[2716] (10,9,12)
c[2717] (10,9,13)
c[2718] (10,9,14)
c[2719] (10,9,15)
c[2720] (10,10,0)
c[2721] (10,10,1)
c[2722] (10,10,2)
c[2723] (10,10,3)
c[2724] (10,10,4)
c[2725] (10,10,5)
c[2726] (10,10,6)
c[2727] (10,10,7)
c[2728] (10,10,8)
c[2729] (10,10,9)
c[2730] (10,10,10)
c[2731] (10,10,11)
c[2732] (10,10,12)
c[2733] (10,10,13)
c[2734] (10,10,14)
c[2735] (10,10,15)
c[2736] (10,11,0)
c[2737] (10,11,1)
c[2738] (10,11,2)
c[2739] (10,11,3)
c[2740] (10,11,4)
c[2741] (10,11,5)
c[2742] (10,11,6)
c[2743] (10,11,7)
c[2744] (10,11,8)
c[2745] (10,11,9)
c[2746] (10,11,10)
c[2747] (10,11,11)
c[2748] (10,11,12)
c[2749] (10,11,13)
c[2750] (10,11,14)
c[2751] (10,11,15)
c[2752] (10,12,0)
c[2753] (10,12,1)
c[2754] (10,12,2)
c[2755] (10,12,3)
c[2756] (10,12,4)
c[2757] (10,12,5)
c[2758] (10,12,6)
c[2759] (10,12,7)
c[2760] (10,12,8)
c[2761] (10,12,9)
c[2762] (10,12,10)
c[2763] (10,12,11)
c[2764] (10,12,12)
c[2765] (10,12,13)
c[2766] (10,12,14)
c[2767] (10,12,15)
c[2768] (10,13,0)
c[2769] (10,13,1)
c[2770] (10,13,2)
c[2771] (10,13,3)
c[2772] (10,13,4)
c[2773] (10,13,5)
c[2774] (10,13,6)
c[2775] (10,13,7)
c[2776] (10,13,8)
c[2777] (10,13,9)
c[2778] (10,13,10)
c[2779] (10,13,11)
c[2780] (10,13,12)
c[2781] (10,13,13)
c[2782] (10,13,14)
c[2783] (10,13,15)
c[2784] (10,14,0)
c[2785] (10,14,1)
c[2786] (10,14,2)
c[2787] (10,14,3)
c[2788] (10,14,4)
c[2789] (10,14,5)
c[2790] (10,14,6)
c[2791] (10,14,7)
c[2792] (10,14,8)
c[2793] (10,14,9)
c[2794] (10,14,10)
c[2795] (10,14,11)
c[2796] (10,14,12)
c[2797] (10,14,13)
c[2798] (10,14,14)
c[2799] (10,14,15)
c[2800] (10,15,0)
c[2801] (10,15,1)
c[2802] (10,15,2)
c[2803] (10,15,3)
c[2804] (10,15,4)
c[2805] (10,15,5)
c[2806] (10,15,6)
c[2807] (10,15,7)
c[2808] (10,15,8)
c[2809] (10,15,9)
c[2810] (10,15,10)
c[2811] (10,15,11)
c[2812] (10,15,12)
c[2813] (10,15,13)
c[2814] (10,15,14)
c[2815] (10,15,15)
c[2816] (11,0,0)
c[2817] (11,0,1)
c[2818] (11,0,2)
c[2819] (11,0,3)
c[2820] (11,0,4)
c[2821] (11,0,5)
c[2822] (11,0,6)
c[2823] (11,0,7)
c[2824] (11,0,8)
c[2825] (11,0,9)
c[2826] (11,0,10)
c[2827] (11,0,11)
c[2828] (11,0,12)
c[2829] (11,0,13)
c[2830] (11,0,14)
c[2831] (11,0,15)
c[2832] (11,1,0)
c[2833] (11,1,1)
c[2834] (11,1,2)
c[2835] (11,1,3)
c[2836] (11,1,4)
c[2837] (11,1,5)
c[2838] (11,1,6)
c[2839] (11,1,7)
c[2840] (11,1,8)
c[2841] (11,1,9)
c[2842] (11,1,10)
c[2843] (11,1,11)
c[2844] (11,1,12)
c[2845] (11,1,13)
c[2846] (11,1,14)
c[2847] (11,1,15)
c[2848] (11,2,0)
c[2849] (11,2,1)
c[2850] (11,2,2)
c[2851] (11,2,3)
c[2852] (11,2,4)
c[2853] (11,2,5)
c[2854] (11,2,6)
c[2855] (11,2,7)
c[2856] (11,2,8)
c[2857] (11,2,9)
c[2858] (11,2,10)
c[2859] (11,2,11)
c[2860] (11,2,12)
c[2861] (11,2,13)
c[2862] (11,2,14)
c[2863] (11,2,15)
c[2864] (11,3,0)
c[2865] (11,3,1)
c[2866] (11,3,2)
c[2867] (11,3,3)
c[2868] (11,3,4)
c[2869] (11,3,5)
c[2870] (11,3,6)
c[2871] (11,3,7)
c[2872] (11,3,8)
c[2873] (11,3,9)
c[2874] (11,3,10)
c[2875] (11,3,11)
c[2876] (11,3,12)
c[2877] (11,3,13)
c[2878] (11,3,14)
c[2879] (11,3,15)
c[2880] (11,4,0)
c[2881] (11,4,1)
c[2882] (11,4,2)
c[2883] (11,4,3)
c[2884] (11,4,4)
c[2885] (11,4,5)
c[2886] (11,4,6)
c[2887] (11,4,7)
c[2888] (11,4,8)
c[2889] (11,4,9)
c[2890] (11,4,10)
c[2891] (11,4,11)
c[2892] (11,4,12)
c[2893] (11,4,13)
c[2894] (11,4,14)
c[2895] (11,4,15)
c[2896] (11,5,0)
c[2897] (11,5,1)
c[2898] (11,5,2)
c[2899] (11,5,3)
c[2900] (11,5,4)
c[2901] (11,5,5)
c[2902] (11,5,6)
c[2903] (11,5,7)
c[2904] (11,5,8)
c[2905] (11,5,9)
c[2906] (11,5,10)
c[2907] (11,5,11)
c[2908] (11,5,12)
c[2909] (11,5,13)
c[2910] (11,5,14)
c[2911] (11,5,15)
c[2912] (11,6,0)
c[2913] (11,6,1)
c[2914] (11,6,2)
c[2915] (11,6,3)
c[2916] (11,6,4)
c[2917] (11,6,5)
c[2918] (11,6,6)
c[2919] (11,6,7)
c[2920] (11,6,8)
c[2921] (11,6,9)
c[2922] (11,6,10)
c[2923] (11,6,11)
c[2924] (11,6,12)
c[2925] (11,6,13)
c[2926] (11,6,14)
c[2927] (11,6,15)
c[2928] (11,7,0)
c[2929] (11,7,1)
c[2930] (11,7,2)
c[2931] (11,7,3)
c[2932] (11,7,4)
c[2933] (11,7,5)
c[2934] (11,7,6)
c[2935] (11,7,7)
c[2936] (11,7,8)
c[2937] (11,7,9)
c[2938] (11,7,10)
c[2939] (11,7,11)
c[2940] (11,7,12)
c[2941] (11,7,13)
c[2942] (11,7,14)
c[2943] (11,7,15)
c[2944] (11,8,0)
c[2945] (11,8,1)
c[2946] (11,8,2)
c[2947] (11,8,3)
c[2948] (11,8,4)
c[2949] (11,8,5)
c[2950] (11,8,6)
c[2951] (11,8,7)
c[2952] (11,8,8)
c[2953] (11,8,9)
c[2954] (11,8,10)
c[2955] (11,8,11)
c[2956] (11,8,12)
c[2957] (11,8,13)
c[2958] (11,8,14)
c[2959] (11,8,15)
c[2960] (11,9,0)
c[2961] (11,9,1)
c[2962] (11,9,2)
c[2963] (11,9,3)
c[2964] (11,9,4)
c[2965] (11,9,5)
c[2966] (11,9,6)
c[2967] (11,9,7)
c[2968] (11,9,8)
c[2969] (11,9,9)
c[2970] (11,9,10)
c[2971] (11,9,11)
c[2972] (11,9,12)
c[2973] (11,9,13)
c[2974] (11,9,14)
c[2975] (11,9,15)
c[2976] (11,10,0)
c[2977] (11,10,1)
c[2978] (11,10,2)
c[2979] (11,10,3)
c[2980] (11,10,4)
c[2981] (11,10,5)
c[2982] (11,10,6)
c[2983] (11,10,7)
c[2984] (11,10,8)
c[2985] (11,10,9)
c[2986] (11,10,10)
c[2987] (11,10,11)
c[2988] (11,10,12)
c[2989] (11,10,13)
c[2990] (11,10,14)
c[2991] (11,10,15)
c[2992] (11,11,0)
c[2993] (11,11,1)
c[2994] (11,11,2)
c[2995] (11,11,3)
c[2996] (11,11,4)
c[2997] (11,11,5)
c[2998] (11,11,6)
c[2999] (11,11,7)
c[3000] (11,11,8)
c[3001] (11,11,9)
c[3002] (11,11,10)
c[3003] (11,11,11)
c[3004] (11,11,12)
c[3005] (11,11,13)
c[3006] (11,11,14)
c[3007] (11,11,15)
c[3008] (11,12,0)
c[3009] (11,12,1)
c[3010] (11,12,2)
c[3011] (11,12,3)
c[3012] (11,12,4)
c[3013] (11,12,5)
c[3014] (11,12,6)
c[3015] (11,12,7)
c[3016] (11,12,8)
c[3017] (11,12,9)
c[3018] (11,12,10)
c[3019] (11,12,11)
c[3020] (11,12,12)
c[3021] (11,12,13)
c[3022] (11,12,14)
c[3023] (11,12,15)
c[3024] (11,13,0)
c[3025] (11,13,1)
c[3026] (11,13,2)
c[3027] (11,13,3)
c[3028] (11,13,4)
c[3029] (11,13,5)
c[3030] (11,13,6)
c[3031] (11,13,7)
c[3032] (11,13,8)
c[3033] (11,13,9)
c[3034] (11,13,10)
c[3035] (11,13,11)
c[3036] (11,13,12)
c[3037] (11,13,13)
c[3038] (11,13,14)
c[3039] (11,13,15)
c[3040] (11,14,0)
c[3041] (11,14,1)
c[3042] (11,14,2)
c[3043] (11,14,3)
c[3044] (11,14,4)
c[3045] (11,14,5)
c[3046] (11,14,6)
c[3047] (11,14,7)
c[3048] (11,14,8)
c[3049] (11,14,9)
c[3050] (11,14,10)
c[3051] (11,14,11)
c[3052] (11,14,12)
c[3053] (11,14,13)
c[3054] (11,14,14)
c[3055] (11,14,15)
c[3056] (11,15,0)
c[3057] (11,15,1)
c[3058] (11,15,2)
c[3059] (11,15,3)
c[3060] (11,15,4)
c[3061] (11,15,5)
c[3062] (11,15,6)
c[3063] (11,15,7)
c[3064] (11,15,8)
c[3065] (11,15,9)
c[3066] (11,15,10)
c[3067] (11,15,11)
c[3068] (11,15,12)
c[3069] (11,15,13)
c[3070] (11,15,14)
c[3071] (11,15,15)
c[3072] (12,0,0)
c[3073] (12,0,1)
c[3074] (12,0,2)
c[3075] (12,0,3)
c[3076] (12,0,4)
c[3077] (12,0,5)
c[3078] (12,0,6)
c[3079] (12,0,7)
c[3080] (12,0,8)
c[3081] (12,0,9)
c[3082] (12,0,10)
c[3083] (12,0,11)
c[3084] (12,0,12)
c[3085] (12,0,13)
c[3086] (12,0,14)
c[3087] (12,0,15)
c[3088] (12,1,0)
c[3089] (12,1,1)
c[3090] (12,1,2)
c[3091] (12,1,3)
c[3092] (12,1,4)
c[3093] (12,1,5)
c[3094] (12,1,6)
c[3095] (12,1,7)
c[3096] (12,1,8)
c[3097] (12,1,9)
c[3098] (12,1,10)
c[3099] (12,1,11)
c[3100] (12,1,12)
c[3101] (12,1,13)
c[3102] (12,1,14)
c[3103] (12,1,15)
c[3104] (12,2,0)
c[3105] (12,2,1)
c[3106] (12,2,2)
c[3107] (12,2,3)
c[3108] (12,2,4)
c[3109] (12,2,5)
c[3110] (12,2,6)
c[3111] (12,2,7)
c[3112] (12,2,8)
c[3113] (12,2,9)
c[3114] (12,2,10)
c[3115] (12,2,11)
c[3116] (12,2,12)
c[3117] (12,2,13)
c[3118] (12,2,14)
c[3119] (12,2,15)
c[3120] (12,3,0)
c[3121] (12,3,1)
c[3122] (12,3,2)
c[3123] (12,3,3)
c[3124] (12,3,4)
c[3125] (12,3,5)
c[3126] (12,3,6)
c[3127] (12,3,7)
c[3128] (12,3,8)
c[3129] (12,3,9)
c[3130] (12,3,10)
c[3131] (12,3,11)
c[3132] (12,3,12)
c[3133] (12,3,13)
c[3134] (12,3,14)
c[3135] (12,3,15)
c[3136] (12,4,0)
c[3137] (12,4,1)
c[3138] (12,4,2)
c[3139] (12,4,3)
c[3140] (12,4,4)
c[3141] (12,4,5)
c[3142] (12,4,6)
c[3143] (12,4,7)
c[3144] (12,4,8)
c[3145] (12,4,9)
c[3146] (12,4,10)
c[3147] (12,4,11)
c[3148] (12,4,12)
c[3149] (12,4,13)
c[3150] (12,4,14)
c[3151] (12,4,15)
c[3152] (12,5,0)
c[3153] (12,5,1)
c[3154] (12,5,2)
c[3155] (12,5,3)
c[3156] (12,5,4)
c[3157] (12,5,5)
c[3158] (12,5,6)
c[3159] (12,5,7)
c[3160] (12,5,8)
c[3161] (12,5,9)
c[3162] (12,5,10)
c[3163] (12,5,11)
c[3164] (12,5,12)
c[3165] (12,5,13)
c[3166] (12,5,14)
c[3167] (12,5,15)
c[3168] (12,6,0)
c[3169] (12,6,1)
c[3170] (12,6,2)
c[3171] (12,6,3)
c[3172] (12,6,4)
c[3173] (12,6,5)
c[3174] (12,6,6)
c[3175] (12,6,7)
c[3176] (12,6,8)
c[3177] (12,6,9)
c[3178] (12,6,10)
c[3179] (12,6,11)
c[3180] (12,6,12)
c[3181] (12,6,13)
c[3182] (12,6,14)
c[3183] (12,6,15)
c[3184] (12,7,0)
c[3185] (12,7,1)
c[3186] (12,7,2)
c[3187] (12,7,3)
c[3188] (12,7,4)
c[3189] (12,7,5)
c[3190] (12,7,6)
c[3191] (12,7,7)
c[3192] (12,7,8)
c[3193] (12,7,9)
c[3194] (12,7,10)
c[3195] (12,7,11)
c[3196] (12,7,12)
c[3197] (12,7,13)
c[3198] (12,7,14)
c[3199] (12,7,15)
c[3200] (12,8,0)
c[3201] (12,8,1)
c[3202] (12,8,2)
c[3203] (12,8,3)
c[3204] (12,8,4)
c[3205] (12,8,5)
c[3206] (12,8,6)
c[3207] (12,8,7)
c[3208] (12,8,8)
c[3209] (12,8,9)
c[3210] (12,8,10)
c[3211] (12,8,11)
c[3212] (12,8,12)
c[3213] (12,8,13)
c[3214] (12,8,14)
c[3215] (12,8,15)
c[3216] (12,9,0)
c[3217] (12,9,1)
c[3218] (12,9,2)
c[3219] (12,9,3)
c[3220] (12,9,4)
c[3221] (12,9,5)
c[3222] (12,9,6)
c[3223] (12,9,7)
c[3224] (12,9,8)
c[3225] (12,9,9)
c[3226] (12,9,10)
c[3227] (12,9,11)
c[3228] (12,9,12)
c[3229] (12,9,13)
c[3230] (12,9,14)
c[3231] (12,9,15)
c[3232] (12,10,0)
c[3233] (12,10,1)
c[3234] (12,10,2)
c[3235] (12,10,3)
c[3236] (12,10,4)
c[3237] (12,10,5)
c[3238] (12,10,6)
c[3239] (12,10,7)
c[3240] (12,10,8)
c[3241] (12,10,9)
c[3242] (12,10,10)
c[3243] (12,10,11)
c[3244] (12,10,12)
c[3245] (12,10,13)
c[3246] (12,10,14)
c[3247] (12,10,15)
c[3248] (12,11,0)
c[3249] (12,11,1)
c[3250] (12,11,2)
c[3251] (12,11,3)
c[3252] (12,11,4)
c[3253] (12,11,5)
c[3254] (12,11,6)
c[3255] (12,11,7)
c[3256] (12,11,8)
c[3257] (12,11,9)
c[3258] (12,11,10)
c[3259] (12,11,11)
c[3260] (12,11,12)
c[3261] (12,11,13)
c[3262] (12,11,14)
c[3263] (12,11,15)
c[3264] (12,12,0)
c[3265] (12,12,1)
c[3266] (12,12,2)
c[3267] (12,12,3)
c[3268] (12,12,4)
c[3269] (12,12,5)
c[3270] (12,12,6)
c[3271] (12,12,7)
c[3272] (12,12,8)
c[3273] (12,12,9)
c[3274] (12,12,10)
c[3275] (12,12,11)
c[3276] (12,12,12)
c[3277] (12,12,13)
c[3278] (12,12,14)
c[3279] (12,12,15)
c[3280] (12,13,0)
c[3281] (12,13,1)
c[3282] (12,13,2)
c[3283] (12,13,3)
c[3284] (12,13,4)
c[3285] (12,13,5)
c[3286] (12,13,6)
c[3287] (12,13,7)
c[3288] (12,13,8)
c[3289] (12,13,9)
c[3290] (12,13,10)
c[3291] (12,13,11)
c[3292] (12,13,12)
c[3293] (12,13,13)
c[3294] (12,13,14)
c[3295] (12,13,15)
c[3296] (12,14,0)
c[3297] (12,14,1)
c[3298] (12,14,2)
c[3299] (12,14,3)
c[3300] (12,14,4)
c[3301] (12,14,5)
c[3302] (12,14,6)
c[3303] (12,14,7)
c[3304] (12,14,8)
c[3305] (12,14,9)
c[3306] (12,14,10)
c[3307] (12,14,11)
c[3308] (12,14,12)
c[3309] (12,14,13)
c[3310] (12,14,14)
c[3311] (12,14,15)
c[3312] (12,15,0)
c[3313] (12,15,1)
c[3314] (12,15,2)
c[3315] (12,15,3)
c[3316] (12,15,4)
c[3317] (12,15,5)
c[3318] (12,15,6)
c[3319] (12,15,7)
c[3320] (12,15,8)
c[3321] (12,15,9)
c[3322] (12,15,10)
c[3323] (12,15,11)
c[3324] (12,15,12)
c[3325] (12,15,13)
c[3326] (12,15,14)
c[3327] (12,15,15)
c[3328] (13,0,0)
c[3329] (13,0,1)
c[3330] (13,0,2)
c[3331] (13,0,3)
c[3332] (13,0,4)
c[3333] (13,0,5)
c[3334] (13,0,6)
c[3335] (13,0,7)
c[3336] (13,0,8)
c[3337] (13,0,9)
c[3338] (13,0,10)
c[3339] (13,0,11)
c[3340] (13,0,12)
c[3341] (13,0,13)
c[3342] (13,0,14)
c[3343] (13,0,15)
c[3344] (13,1,0)
c[3345] (13,1,1)
c[3346] (13,1,2)
c[3347] (13,1,3)
c[3348] (13,1,4)
c[3349] (13,1,5)
c[3350] (13,1,6)
c[3351] (13,1,7)
c[3352] (13,1,8)
c[3353] (13,1,9)
c[3354] (13,1,10)
c[3355] (13,1,11)
c[3356] (13,1,12)
c[3357] (13,1,13)
c[3358] (13,1,14)
c[3359] (13,1,15)
c[3360] (13,2,0)
c[3361] (13,2,1)
c[3362] (13,2,2)
c[3363] (13,2,3)
c[3364] (13,2,4)
c[3365] (13,2,5)
c[3366] (13,2,6)
c[3367] (13,2,7)
c[3368] (13,2,8)
c[3369] (13,2,9)
c[3370] (13,2,10)
c[3371] (13,2,11)
c[3372] (13,2,12)
c[3373] (13,2,13)
c[3374] (13,2,14)
c[3375] (13,2,15)
c[3376] (13,3,0)
c[3377] (13,3,1)
c[3378] (13,3,2)
c[3379] (13,3,3)
c[3380] (13,3,4)
c[3381] (13,3,5)
c[3382] (13,3,6)
c[3383] (13,3,7)
c[3384] (13,3,8)
c[3385] (13,3,9)
c[3386] (13,3,10)
c[3387] (13,3,11)
c[3388] (13,3,12)
c[3389] (13,3,13)
c[3390] (13,3,14)
c[3391] (13,3,15)
c[3392] (13,4,0)
c[3393] (13,4,1)
c[3394] (13,4,2)
c[3395] (13,4,3)
c[3396] (13,4,4)
c[3397] (13,4,5)
c[3398] (13,4,6)
c[3399] (13,4,7)
c[3400] (13,4,8)
c[3401] (13,4,9)
c[3402] (13,4,10)
c[3403] (13,4,11)
c[3404] (13,4,12)
c[3405] (13,4,13)
c[3406] (13,4,14)
c[3407] (13,4,15)
c[3408] (13,5,0)
c[3409] (13,5,1)
c[3410] (13,5,2)
c[3411] (13,5,3)
c[3412] (13,5,4)
c[3413] (13,5,5)
c[3414] (13,5,6)
c[3415] (13,5,7)
c[3416] (13,5,8)
c[3417] (13,5,9)
c[3418] (13,5,10)
c[3419] (13,5,11)
c[3420] (13,5,12)
c[3421] (13,5,13)
c[3422] (13,5,14)
c[3423] (13,5,15)
c[3424] (13,6,0)
c[3425] (13,6,1)
c[3426] (13,6,2)
c[3427] (13,6,3)
c[3428] (13,6,4)
c[3429] (13,6,5)
c[3430] (13,6,6)
c[3431] (13,6,7)
c[3432] (13,6,8)
c[3433] (13,6,9)
c[3434] (13,6,10)
c[3435] (13,6,11)
c[3436] (13,6,12)
c[3437] (13,6,13)
c[3438] (13,6,14)
c[3439] (13,6,15)
c[3440] (13,7,0)
c[3441] (13,7,1)
c[3442] (13,7,2)
c[3443] (13,7,3)
c[3444] (13,7,4)
c[3445] (13,7,5)
c[3446] (13,7,6)
c[3447] (13,7,7)
c[3448] (13,7,8)
c[3449] (13,7,9)
c[3450] (13,7,10)
c[3451] (13,7,11)
c[3452] (13,7,12)
c[3453] (13,7,13)
c[3454] (13,7,14)
c[3455] (13,7,15)
c[3456] (13,8,0)
c[3457] (13,8,1)
c[3458] (13,8,2)
c[3459] (13,8,3)
c[3460] (13,8,4)
c[3461] (13,8,5)
c[3462] (13,8,6)
c[3463] (13,8,7)
c[3464] (13,8,8)
c[3465] (13,8,9)
c[3466] (13,8,10)
c[3467] (13,8,11)
c[3468] (13,8,12)
c[3469] (13,8,13)
c[3470] (13,8,14)
c[3471] (13,8,15)
c[3472] (13,9,0)
c[3473] (13,9,1)
c[3474] (13,9,2)
c[3475] (13,9,3)
c[3476] (13,9,4)
c[3477] (13,9,5)
c[3478] (13,9,6)
c[3479] (13,9,7)
c[3480] (13,9,8)
c[3481] (13,9,9)
c[3482] (13,9,10)
c[3483] (13,9,11)
c[3484] (13,9,12)
c[3485] (13,9,13)
c[3486] (13,9,14)
c[3487] (13,9,15)
c[3488] (13,10,0)
c[3489] (13,10,1)
c[3490] (13,10,2)
c[3491] (13,10,3)
c[3492] (13,10,4)
c[3493] (13,10,5)
c[3494] (13,10,6)
c[3495] (13,10,7)
c[3496] (13,10,8)
c[3497] (13,10,9)
c[3498] (13,10,10)
c[3499] (13,10,11)
c[3500] (13,10,12)
c[3501] (13,10,13)
c[3502] (13,10,14)
c[3503] (13,10,15)
c[3504] (13,11,0)
c[3505] (13,11,1)
c[3506] (13,11,2)
c[3507] (13,11,3)
c[3508] (13,11,4)
c[3509] (13,11,5)
c[3510] (13,11,6)
c[3511] (13,11,7)
c[3512] (13,11,8)
c[3513] (13,11,9)
c[3514] (13,11,10)
c[3515] (13,11,11)
c[3516] (13,11,12)
c[3517] (13,11,13)
c[3518] (13,11,14)
c[3519] (13,11,15)
c[3520] (13,12,0)
c[3521] (13,12,1)
c[3522] (13,12,2)
c[3523] (13,12,3)
c[3524] (13,12,4)
c[3525] (13,12,5)
c[3526] (13,12,6)
c[3527] (13,12,7)
c[3528] (13,12,8)
c[3529] (13,12,9)
c[3530] (13,12,10)
c[3531] (13,12,11)
c[3532] (13,12,12)
c[3533] (13,12,13)
c[3534] (13,12,14)
c[3535] (13,12,15)
c[3536] (13,13,0)
c[3537] (13,13,1)
c[3538] (13,13,2)
c[3539] (13,13,3)
c[3540] (13,13,4)
c[3541] (13,13,5)
c[3542] (13,13,6)
c[3543] (13,13,7)
c[3544] (13,13,8)
c[3545] (13,13,9)
c[3546] (13,13,10)
c[3547] (13,13,11)
c[3548] (13,13,12)
c[3549] (13,13,13)
c[3550] (13,13,14)
c[3551] (13,13,15)
c[3552] (13,14,0)
c[3553] (13,14,1)
c[3554] (13,14,2)
c[3555] (13,14,3)
c[3556] (13,14,4)
c[3557] (13,14,5)
c[3558] (13,14,6)
c[3559] (13,14,7)
c[3560] (13,14,8)
c[3561] (13,14,9)
c[3562] (13,14,10)
c[3563] (13,14,11)
c[3564] (13,14,12)
c[3565] (13,14,13)
c[3566] (13,14,14)
c[3567] (13,14,15)
c[3568] (13,15,0)
c[3569] (13,15,1)
c[3570] (13,15,2)
c[3571] (13,15,3)
c[3572] (13,15,4)
c[3573] (13,15,5)
c[3574] (13,15,6)
c[3575] (13,15,7)
c[3576] (13,15,8)
c[3577] (13,15,9)
c[3578] (13,15,10)
c[3579] (13,15,11)
c[3580] (13,15,12)
c[3581] (13,15,13)
c[3582] (13,15,14)
c[3583] (13,15,15)
c[3584] (14,0,0)
c[3585] (14,0,1)
c[3586] (14,0,2)
c[3587] (14,0,3)
c[3588] (14,0,4)
c[3589] (14,0,5)
c[3590] (14,0,6)
c[3591] (14,0,7)
c[3592] (14,0,8)
c[3593] (14,0,9)
c[3594] (14,0,10)
c[3595] (14,0,11)
c[3596] (14,0,12)
c[3597] (14,0,13)
c[3598] (14,0,14)
c[3599] (14,0,15)
c[3600] (14,1,0)
c[3601] (14,1,1)
c[3602] (14,1,2)
c[3603] (14,1,3)
c[3604] (14,1,4)
c[3605] (14,1,5)
c[3606] (14,1,6)
c[3607] (14,1,7)
c[3608] (14,1,8)
c[3609] (14,1,9)
c[3610] (14,1,10)
c[3611] (14,1,11)
c[3612] (14,1,12)
c[3613] (14,1,13)
c[3614] (14,1,14)
c[3615] (14,1,15)
c[3616] (14,2,0)
c[3617] (14,2,1)
c[3618] (14,2,2)
c[3619] (14,2,3)
c[3620] (14,2,4)
c[3621] (14,2,5)
c[3622] (14,2,6)
c[3623] (14,2,7)
c[3624] (14,2,8)
c[3625] (14,2,9)
c[3626] (14,2,10)
c[3627] (14,2,11)
c[3628] (14,2,12)
c[3629] (14,2,13)
c[3630] (14,2,14)
c[3631] (14,2,15)
c[3632] (14,3,0)
c[3633] (14,3,1)
c[3634] (14,3,2)
c[3635] (14,3,3)
c[3636] (14,3,4)
c[3637] (14,3,5)
c[3638] (14,3,6)
c[3639] (14,3,7)
c[3640] (14,3,8)
c[3641] (14,3,9)
c[3642] (14,3,10)
c[3643] (14,3,11)
c[3644] (14,3,12)
c[3645] (14,3,13)
c[3646] (14,3,14)
c[3647] (14,3,15)
c[3648] (14,4,0)
c[3649] (14,4,1)
c[3650] (14,4,2)
c[3651] (14,4,3)
c[3652] (14,4,4)
c[3653] (14,4,5)
c[3654] (14,4,6)
c[3655] (14,4,7)
c[3656] (14,4,8)
c[3657] (14,4,9)
c[3658] (14,4,10)
c[3659] (14,4,11)
c[3660] (14,4,12)
c[3661] (14,4,13)
c[3662] (14,4,14)
c[3663] (14,4,15)
c[3664] (14,5,0)
c[3665] (14,5,1)
c[3666] (14,5,2)
c[3667] (14,5,3)
c[3668] (14,5,4)
c[3669] (14,5,5)
c[3670] (14,5,6)
c[3671] (14,5,7)
c[3672] (14,5,8)
c[3673] (14,5,9)
c[3674] (14,5,10)
c[3675] (14,5,11)
c[3676] (14,5,12)
c[3677] (14,5,13)
c[3678] (14,5,14)
c[3679] (14,5,15)
c[3680] (14,6,0)
c[3681] (14,6,1)
c[3682] (14,6,2)
c[3683] (14,6,3)
c[3684] (14,6,4)
c[3685] (14,6,5)
c[3686] (14,6,6)
c[3687] (14,6,7)
c[3688] (14,6,8)
c[3689] (14,6,9)
c[3690] (14,6,10)
c[3691] (14,6,11)
c[3692] (14,6,12)
c[3693] (14,6,13)
c[3694] (14,6,14)
c[3695] (14,6,15)
c[3696] (14,7,0)
c[3697] (14,7,1)
c[3698] (14,7,2)
c[3699] (14,7,3)
c[3700] (14,7,4)
c[3701] (14,7,5)
c[3702] (14,7,6)
c[3703] (14,7,7)
c[3704] (14,7,8)
c[3705] (14,7,9)
c[3706] (14,7,10)
c[3707] (14,7,11)
c[3708] (14,7,12)
c[3709] (14,7,13)
c[3710] (14,7,14)
c[3711] (14,7,15)
c[3712] (14,8,0)
c[3713] (14,8,1)
c[3714] (14,8,2)
c[3715] (14,8,3)
c[3716] (14,8,4)
c[3717] (14,8,5)
c[3718] (14,8,6)
c[3719] (14,8,7)
c[3720] (14,8,8)
c[3721] (14,8,9)
c[3722] (14,8,10)
c[3723] (14,8,11)
c[3724] (14,8,12)
c[3725] (14,8,13)
c[3726] (14,8,14)
c[3727] (14,8,15)
c[3728] (14,9,0)
c[3729] (14,9,1)
c[3730] (14,9,2)
c[3731] (14,9,3)
c[3732] (14,9,4)
c[3733] (14,9,5)
c[3734] (14,9,6)
c[3735] (14,9,7)
c[3736] (14,9,8)
c[3737] (14,9,9)
c[3738] (14,9,10)
c[3739] (14,9,11)
c[3740] (14,9,12)
c[3741] (14,9,13)
c[3742] (14,9,14)
c[3743] (14,9,15)
c[3744] (14,10,0)
c[3745] (14,10,1)
c[3746] (14,10,2)
c[3747] (14,10,3)
c[3748] (14,10,4)
c[3749] (14,10,5)
c[3750] (14,10,6)
c[3751] (14,10,7)
c[3752] (14,10,8)
c[3753] (14,10,9)
c[3754] (14,10,10)
c[3755] (14,10,11)
c[3756] (14,10,12)
c[3757] (14,10,13)
c[3758] (14,10,14)
c[3759] (14,10,15)
c[3760] (14,11,0)
c[3761] (14,11,1)
c[3762] (14,11,2)
c[3763] (14,11,3)
c[3764] (14,11,4)
c[3765] (14,11,5)
c[3766] (14,11,6)
c[3767] (14,11,7)
c[3768] (14,11,8)
c[3769] (14,11,9)
c[3770] (14,11,10)
c[3771] (14,11,11)
c[3772] (14,11,12)
c[3773] (14,11,13)
c[3774] (14,11,14)
c[3775] (14,11,15)
c[3776] (14,12,0)
c[3777] (14,12,1)
c[3778] (14,12,2)
c[3779] (14,12,3)
c[3780] (14,12,4)
c[3781] (14,12,5)
c[3782] (14,12,6)
c[3783] (14,12,7)
c[3784] (14,12,8)
c[3785] (14,12,9)
c[3786] (14,12,10)
c[3787] (14,12,11)
c[3788] (14,12,12)
c[3789] (14,12,13)
c[3790] (14,12,14)
c[3791] (14,12,15)
c[3792] (14,13,0)
c[3793] (14,13,1)
c[3794] (14,13,2)
c[3795] (14,13,3)
c[3796] (14,13,4)
c[3797] (14,13,5)
c[3798] (14,13,6)
c[3799] (14,13,7)
c[3800] (14,13,8)
c[3801] (14,13,9)
c[3802] (14,13,10)
c[3803] (14,13,11)
c[3804] (14,13,12)
c[3805] (14,13,13)
c[3806] (14,13,14)
c[3807] (14,13,15)
c[3808] (14,14,0)
c[3809] (14,14,1)
c[3810] (14,14,2)
c[3811] (14,14,3)
c[3812] (14,14,4)
c[3813] (14,14,5)
c[3814] (14,14,6)
c[3815] (14,14,7)
c[3816] (14,14,8)
c[3817] (14,14,9)
c[3818] (14,14,10)
c[3819] (14,14,11)
c[3820] (14,14,12)
c[3821] (14,14,13)
c[3822] (14,14,14)
c[3823] (14,14,15)
c[3824] (14,15,0)
c[3825] (14,15,1)
c[3826] (14,15,2)
c[3827] (14,15,3)
c[3828] (14,15,4)
c[3829] (14,15,5)
c[3830] (14,15,6)
c[3831] (14,15,7)
c[3832] (14,15,8)
c[3833] (14,15,9)
c[3834] (14,15,10)
c[3835] (14,15,11)
c[3836] (14,15,12)
c[3837] (14,15,13)
c[3838] (14,15,14)
c[3839] (14,15,15)
c[3840] (15,0,0)
c[3841] (15,0,1)
c[3842] (15,0,2)
c[3843] (15,0,3)
c[3844] (15,0,4)
c[3845] (15,0,5)
c[3846] (15,0,6)
c[3847] (15,0,7)
c[3848] (15,0,8)
c[3849] (15,0,9)
c[3850] (15,0,10)
c[3851] (15,0,11)
c[3852] (15,0,12)
c[3853] (15,0,13)
c[3854] (15,0,14)
c[3855] (15,0,15)
c[3856] (15,1,0)
c[3857] (15,1,1)
c[3858] (15,1,2)
c[3859] (15,1,3)
c[3860] (15,1,4)
c[3861] (15,1,5)
c[3862] (15,1,6)
c[3863] (15,1,7)
c[3864] (15,1,8)
c[3865] (15,1,9)
c[3866] (15,1,10)
c[3867] (15,1,11)
c[3868] (15,1,12)
c[3869] (15,1,13)
c[3870] (15,1,14)
c[3871] (15,1,15)
c[3872] (15,2,0)
c[3873] (15,2,1)
c[3874] (15,2,2)
c[3875] (15,2,3)
c[3876] (15,2,4)
c[3877] (15,2,5)
c[3878] (15,2,6)
c[3879] (15,2,7)
c[3880] (15,2,8)
c[3881] (15,2,9)
c[3882] (15,2,10)
c[3883] (15,2,11)
c[3884] (15,2,12)
c[3885] (15,2,13)
c[3886] (15,2,14)
c[3887] (15,2,15)
c[3888] (15,3,0)
c[3889] (15,3,1)
c[3890] (15,3,2)
c[3891] (15,3,3)
c[3892] (15,3,4)
c[3893] (15,3,5)
c[3894] (15,3,6)
c[3895] (15,3,7)
c[3896] (15,3,8)
c[3897] (15,3,9)
c[3898] (15,3,10)
c[3899] (15,3,11)
c[3900] (15,3,12)
c[3901] (15,3,13)
c[3902] (15,3,14)
c[3903] (15,3,15)
c[3904] (15,4,0)
c[3905] (15,4,1)
c[3906] (15,4,2)
c[3907] (15,4,3)
c[3908] (15,4,4)
c[3909] (15,4,5)
c[3910] (15,4,6)
c[3911] (15,4,7)
c[3912] (15,4,8)
c[3913] (15,4,9)
c[3914] (15,4,10)
c[3915] (15,4,11)
c[3916] (15,4,12)
c[3917] (15,4,13)
c[3918] (15,4,14)
c[3919] (15,4,15)
c[3920] (15,5,0)
c[3921] (15,5,1)
c[3922] (15,5,2)
c[3923] (15,5,3)
c[3924] (15,5,4)
c[3925] (15,5,5)
c[3926] (15,5,6)
c[3927] (15,5,7)
c[3928] (15,5,8)
c[3929] (15,5,9)
c[3930] (15,5,10)
c[3931] (15,5,11)
c[3932] (15,5,12)
c[3933] (15,5,13)
c[3934] (15,5,14)
c[3935] (15,5,15)
c[3936] (15,6,0)
c[3937] (15,6,1)
c[3938] (15,6,2)
c[3939] (15,6,3)
c[3940] (15,6,4)
c[3941] (15,6,5)
c[3942] (15,6,6)
c[3943] (15,6,7)
c[3944] (15,6,8)
c[3945] (15,6,9)
c[3946] (15,6,10)
c[3947] (15,6,11)
c[3948] (15,6,12)
c[3949] (15,6,13)
c[3950] (15,6,14)
c[3951] (15,6,15)
c[3952] (15,7,0)
c[3953] (15,7,1)
c[3954] (15,7,2)
c[3955] (15,7,3)
c[3956] (15,7,4)
c[3957] (15,7,5)
c[3958] (15,7,6)
c[3959] (15,7,7)
c[3960] (15,7,8)
c[3961] (15,7,9)
c[3962] (15,7,10)
c[3963] (15,7,11)
c[3964] (15,7,12)
c[3965] (15,7,13)
c[3966] (15,7,14)
c[3967] (15,7,15)
c[3968] (15,8,0)
c[3969] (15,8,1)
c[3970] (15,8,2)
c[3971] (15,8,3)
c[3972] (15,8,4)
c[3973] (15,8,5)
c[3974] (15,8,6)
c[3975] (15,8,7)
c[3976] (15,8,8)
c[3977] (15,8,9)
c[3978] (15,8,10)
c[3979] (15,8,11)
c[3980] (15,8,12)
c[3981] (15,8,13)
c[3982] (15,8,14)
c[3983] (15,8,15)
c[3984] (15,9,0)
c[3985] (15,9,1)
c[3986] (15,9,2)
c[3987] (15,9,3)
c[3988] (15,9,4)
c[3989] (15,9,5)
c[3990] (15,9,6)
c[3991] (15,9,7)
c[3992] (15,9,8)
c[3993] (15,9,9)
c[3994] (15,9,10)
c[3995] (15,9,11)
c[3996] (15,9,12)
c[3997] (15,9,13)
c[3998] (15,9,14)
c[3999] (15,9,15)
c[4000] (15,10,0)
c[4001] (15,10,1)
c[4002] (15,10,2)
c[4003] (15,10,3)
c[4004] (15,10,4)
c[4005] (15,10,5)
c[4006] (15,10,6)
c[4007] (15,10,7)
c[4008] (15,10,8)
c[4009] (15,10,9)
c[4010] (15,10,10)
c[4011] (15,10,11)
c[4012] (15,10,12)
c[4013] (15,10,13)
c[4014] (15,10,14)
c[4015] (15,10,15)
c[4016] (15,11,0)
c[4017] (15,11,1)
c[4018] (15,11,2)
c[4019] (15,11,3)
c[4020] (15,11,4)
c[4021] (15,11,5)
c[4022] (15,11,6)
c[4023] (15,11,7)
c[4024] (15,11,8)
c[4025] (15,11,9)
c[4026] (15,11,10)
c[4027] (15,11,11)
c[4028] (15,11,12)
c[4029] (15,11,13)
c[4030] (15,11,14)
c[4031] (15,11,15)
c[4032] (15,12,0)
c[4033] (15,12,1)
c[4034] (15,12,2)
c[4035] (15,12,3)
c[4036] (15,12,4)
c[4037] (15,12,5)
c[4038] (15,12,6)
c[4039] (15,12,7)
c[4040] (15,12,8)
c[4041] (15,12,9)
c[4042] (15,12,10)
c[4043] (15,12,11)
c[4044] (15,12,12)
c[4045] (15,12,13)
c[4046] (15,12,14)
c[4047] (15,12,15)
c[4048] (15,13,0)
c[4049] (15,13,1)
c[4050] (15,13,2)
c[4051] (15,13,3)
c[4052] (15,13,4)
c[4053] (15,13,5)
c[4054] (15,13,6)
c[4055] (15,13,7)
c[4056] (15,13,8)
c[4057] (15,13,9)
c[4058] (15,13,10)
c[4059] (15,13,11)
c[4060] (15,13,12)
c[4061] (15,13,13)
c[4062] (15,13,14)
c[4063] (15,13,15)
c[4064] (15,14,0)
c[4065] (15,14,1)
c[4066] (15,14,2)
c[4067] (15,14,3)
c[4068] (15,14,4)
c[4069] (15,14,5)
c[4070] (15,14,6)
c[4071] (15,14,7)
c[4072] (15,14,8)
c[4073] (15,14,9)
c[4074] (15,14,10)
c[4075] (15,14,11)
c[4076] (15,14,12)
c[4077] (15,14,13)
c[4078] (15,14,14)
c[4079] (15,14,15)
c[4080] (15,15,0)
c[4081] (15,15,1)
c[4082] (15,15,2)
c[4083] (15,15,3)
c[4084] (15,15,4)
c[4085] (15,15,5)
c[4086] (15,15,6)
c[4087] (15,15,7)
c[4088] (15,15,8)
c[4089] (15,15,9)
c[4090] (15,15,10)
c[4091] (15,15,11)
c[4092] (15,15,12)
c[4093] (15,15,13)
c[4094] (15,15,14)
c[4095] (15,15,15)
