ID	X	Y	Z	W	L	H	TX	TY	Type	Color	Gesture	Name
167												
20	10	600	100	10	150	200	80	600	2	1809	13	Door-1
21	1190	400	100	10	150	200	1120	400	2	1809	13	Door-2
22	900	10	100	150	10	200	900	80	2	1809	13	Door-3
23	900	1190	100	150	10	200	900	1120	2	1809	13	Door-4
24	900	600	15	40	20	30	820	600	3	497	13	ChargingStation-1
25	700	900	19	48	126	38	0	0	2	3871	13	sofa_1
25	700 	973 	29 	48 	20	57	0	0	2	3871	13	sofa_2
25	700 	827 	29 	48 	20	57	0	0	2	3871	13	sofa_3
25	734 	900 	48 	20 	166	95	700	946	2	3871	13	sofa_4
26	600	350	73	151	80	10	0	0	2	287	13	table_1
26	661	325	34	10	10	68	0	0	2	287	13	table_2
26	539	325	34	10	10	68	0	0	2	287	13	table_3
26	661	375	34	10	10	68	0	0	2	287	13	table_4
26	539	375	34	10	10	68	756	350	2	287	13	table_5
27	638	283	39	48	39	10	0	0	2	4081	13	chair1_1
27	658	261	44	5	5	88	0	0	2	4081	13	chair1_2
27	617	261	44	5	5	88	0	0	2	4081	13	chair1_3
27	658	299	17	5	5	34	0	0	2	4081	13	chair1_4
27	617	299	17	5	5	34	0	0	2	4081	13	chair1_5
27	638	261	70	38	3	34	638	183	2	4081	13	chair1_6
28	562	283	39	48	39	10	0	0	2	4081	13	chair2_1
28	583	261	44	5	5	88	0	0	2	4081	13	chair2_2
28	542	261	44	5	5	88	0	0	2	4081	13	chair2_3
28	583	299	17	5	5	34	0	0	2	4081	13	chair2_4
28	542	299	17	5	5	34	0	0	2	4081	13	chair2_5
28	562	261	70	38	3	34	562	183	2	4081	13	chair2_6
29	638	417	39	48	39	10	0	0	2	4081	13	chair3_1
29	658	439	44	5	5	88	0	0	2	4081	13	chair3_2
29	617	439	44	5	5	88	0	0	2	4081	13	chair3_3
29	658	401	17	5	5	34	0	0	2	4081	13	chair3_4
29	617	401	17	5	5	34	0	0	2	4081	13	chair3_5
29	638	439	70	38	3	34	638	517	2	4081	13	chair3_6
30	562	417	39	48	39	10	0	0	2	4081	13	chair4_1
30	583	439	44	5	5	88	0	0	2	4081	13	chair4_2
30	542	439	44	5	5	88	0	0	2	4081	13	chair4_3
30	583	401	17	5	5	34	0	0	2	4081	13	chair4_4
30	542	401	17	5	5	34	0	0	2	4081	13	chair4_5
30	562	439	70	38	3	34	562	517	2	4081	13	chair4_6
31	700	50	83	96	64	7	0	0	2	4081	13	cabinet1_1
31	723	53	77	44	49	5	0	0	2	4081	13	cabinet1_2
31	677	53	77	44	49	5	0	0	2	4081	13	cabinet1_3
31	700	26	41	88	5	76	0	0	2	4081	13	cabinet1_4
31	741	53	39	7	49	71	0	0	2	4081	13	cabinet1_5
31	704	53	39	5	49	71	0	0	2	4081	13	cabinet1_6
31	697	53	39	5	49	71	0	0	2	4081	13	cabinet1_7
31	660	53	39	7	49	71	0	0	2	4081	13	cabinet1_8
31	721	50	41	32	44	66	0	0	2	287	13	cabinet1_9
31	679	50	41	32	44	66	0	0	2	287	13	cabinet1_10
31	704	78	43	3	2	6	0	0	2	4081	13	cabinet1_11
31	697	78	43	3	2	6	0	0	2	4081	13	cabinet1_12
31	721	53	6	32	49	5	0	0	2	4081	13	cabinet1_13
31	679	53	6	32	49	5	0	0	2	4081	13	cabinet1_14
31	742	32	2	5	5	3	0	0	2	4081	13	cabinet1_15
31	659	32	2	5	5	3	0	0	2	4081	13	cabinet1_16
31	742	74	2	5	5	3	0	0	2	4081	13	cabinet1_17
31	659	74	2	5	5	3	700	162	2	4081	13	cabinet1_18
32	1150	120	28	51	118	55	0	0	2	511	13	bathtub_1
32	1150	58	33	65	7	65	0	0	2	4095	13	bathtub_2
32	1179	124	33	7	126	65	0	0	2	4095	13	bathtub_3
32	1121	124	33	7	126	65	0	0	2	4095	13	bathtub_4
32	1150	183	33	51	8	65	0	0	2	4095	13	bathtub_5
32	1150	59	77	5	5	21	0	0	2	287	13	bathtub_6
32	1150	65	85	5	11	5	0	0	2	287	13	bathtub_7
32	1150	69	80	5	5	5	1045	120	2	287	13	bathtub_8
33	500	1100	34	150	42	38	0	0	2	2065	13	TVstand_1
33	563	1092	8	5	5	15	0	0	2	2065	13	TVstand_2
33	563	1109	8	5	5	15	0	0	2	2065	13	TVstand_3
33	500	1092	8	5	5	15	0	0	2	2065	13	TVstand_4
33	500	1109	8	5	5	15	0	0	2	2065	13	TVstand_5
33	438	1092	8	5	5	15	0	0	2	2065	13	TVstand_6
33	438	1109	8	5	5	15	500	999	2	2065	13	TVstand_7
34	500	1100	55	58	29	5	0	0	2	4081	13	TV_1
34	500	1100	68	15	7	20	0	0	3	4081	13	TV_2
34	500	1100	100	78	9	45	0	0	2	4081	13	TV_3
34	500	1095	95	97	5	58	0	0	2	4081	13	TV_4
34	500	1087	95	87	12	48	0	0	2	273	13	TV_5
34	500	1087	121	97	12	5	0	0	2	4081	13	TV_6
34	454	1087	95	5	12	48	0	0	2	4081	13	TV_7
34	546	1087	95	5	12	48	0	0	2	4081	13	TV_8
34	500	1087	68	97	12	5	500	1006	2	4081	13	TV_9
35	100	200	20	80	140	40	220	200	2	497	13	Bed
36	1100	800	40	59	60	80	0	0	2	4095	13	washingMachine
36	1092	800	81	20	20	2	0	0	3	4095	13	washingMachine
36	1092	800	83	16	16	2	0	0	3	273	13	washingMachine
36	1121	800	81	8	60	2	0	0	2	4095	13	washingMachine
36	1121	820	83	4	8	2	0	0	2	287	13	washingMachine
36	1121	807	83	4	8	2	0	0	2	287	13	washingMachine
36	1121	793	83	4	8	2	0	0	2	287	13	washingMachine
36	1121	780	83	4	8	2	991	800	2	287	13	washingMachine
37	1100	650	63	67	119	6	0	0	2	4095	13	washBasin
37	1100	697	73	67	26	14	0	0	2	4095	13	washBasin
37	1100	604	73	67	26	14	0	0	2	4095	13	washBasin
37	1125	650	73	16	68	14	0	0	2	4095	13	washBasin
37	1074	650	73	16	68	14	0	0	2	4095	13	washBasin
37	1124	650	91	5	5	21	0	0	2	287	13	washBasin
37	1118	650	99	11	5	5	0	0	2	287	13	washBasin
37	1114	650	94	5	5	5	0	0	2	287	13	washBasin
37	1104	650	30	60	119	60	0	0	2	511	13	washBasin
37	1070	681	30	7	59	60	0	0	2	287	13	washBasin
37	1070	620	30	7	59	60	0	0	2	287	13	washBasin
37	1065	655	45	3	2	6	0	0	2	4081	13	washBasin
37	1065	645	45	3	2	6	987	650	2	4081	13	washBasin
38	900	330	68	64	120	6	0	0	2	4095	13	sink_1
38	900	384	78	64	12	14	0	0	2	4095	13	sink_2
38	900	300	78	64	60	14	0	0	2	4095	13	sink_3
38	924	354	78	16	48	14	0	0	2	4095	13	sink_4
38	876	354	78	16	48	14	0	0	2	4095	13	sink_5
38	923	360	95	5	5	21	0	0	2	287	13	sink_6
38	917	360	103	11	5	5	0	0	2	287	13	sink_7
38	913	360	98	5	5	5	0	0	2	287	13	sink_8
38	900	300	83	44	40	2	0	0	2	3003	13	sink_9
38	904	330	32	57	120	65	0	0	2	4095	13	sink_10
38	872	361	32	7	60	65	0	0	2	4081	13	sink_11
38	872	299	32	7	60	65	0	0	2	4081	13	sink_12
38	867	335	47	3	2	6	0	0	2	2184	13	sink_13
38	867	325	47	3	2	6	788	340	2	2184	13	sink_14
39	900	450	39	57	62	77	0	0	2	4095	13	stove_1
39	895	450	78	39	54	2	0	0	2	3003	13	stove_2
39	920	450	78	10	54	2	0	0	2	273	13	stove_3
39	888	463	80	8	8	2	0	0	3	2184	13	stove_4
39	888	463	83	3	3	4	0	0	3	273	13	stove_5
39	902	437	80	8	8	2	0	0	3	2184	13	stove_6
39	902	437	83	3	3	4	0	0	3	273	13	stove_7
39	898	463	81	2	2	4	0	0	2	273	13	stove_8
39	895	463	82	4	2	2	0	0	2	273	13	stove_9
39	878	463	81	2	2	4	0	0	2	273	13	stove_10
39	881	463	82	4	2	2	0	0	2	273	13	stove_11
39	888	473	81	2	2	4	0	0	2	273	13	stove_12
39	888	470	82	2	4	2	0	0	2	273	13	stove_13
39	888	453	81	2	2	4	0	0	2	273	13	stove_14
39	888	456	82	2	4	2	0	0	2	273	13	stove_15
39	912	437	81	2	2	4	0	0	2	273	13	stove_16
39	909	437	82	4	2	2	0	0	2	273	13	stove_17
39	892	437	81	2	2	4	0	0	2	273	13	stove_18
39	895	437	82	4	2	2	0	0	2	273	13	stove_19
39	902	447	81	2	2	4	0	0	2	273	13	stove_20
39	902	444	82	2	4	2	0	0	2	273	13	stove_21
39	902	427	81	2	2	4	0	0	2	273	13	stove_22
39	902	430	82	2	4	2	0	0	2	273	13	stove_23
39	871	450	60	1	52	20	0	0	2	3003	13	stove_24
39	870	450	62	2	26	10	0	0	2	273	13	stove_25
39	870	469	55	2	4	2	0	0	2	2184	13	stove_26
39	870	433	55	2	4	2	0	0	2	2184	13	stove_27
39	870	428	55	2	4	2	792	450	2	2184	13	stove_28
40	400	350	97	38	120	6	0	0	2	2065	13	closet_1
40	400	350	3	38	120	6	0	0	2	2065	13	closet_2
40	398	407	50	33	6	88	0	0	2	2065	13	closet_3
40	398	293	50	33	6	88	0	0	2	2065	13	closet_4
40	417	350	50	5	120	88	0	0	2	2065	13	closet_5
40	384	350	84	5	108	20	0	0	2	4081	13	closet_6
40	384	350	61	5	108	20	0	0	2	4081	13	closet_7
40	384	350	39	5	108	20	0	0	2	4081	13	closet_8
40	384	350	16	5	108	20	0	0	2	4081	13	closet_9
40	384	350	73	5	108	3	0	0	2	2065	13	closet_10
40	384	350	50	5	108	3	0	0	2	2065	13	closet_11
40	384	350	27	5	108	3	0	0	2	2065	13	closet_12
40	383	387	84	2	12	2	0	0	2	3003	13	closet_13
40	383	313	84	2	12	2	0	0	2	3003	13	closet_14
40	383	387	61	2	12	2	0	0	2	3003	13	closet_15
40	383	313	61	2	12	2	0	0	2	3003	13	closet_16
40	383	387	39	2	12	2	0	0	2	3003	13	closet_17
40	383	313	39	2	12	2	0	0	2	3003	13	closet_18
40	383	387	16	2	12	2	0	0	2	3003	13	closet_19
40	383	313	16	2	12	2	301	350	2	3003	13	closet_20
41	1100	1150	17	24	24	34	0	0	3	287	13	toilet
41	1100	1150	39	51	47	10	0	0	2	287	13	toilet
41	1143	1150	49	34	47	57	995	1150	2	287	13	toilet